frame,fx,fy,cx,cy,cam_x,cam_y,cam_z,r11,r12,r13,r21,r22,r23,r31,r32,r33,recon_error,confidence
0,5281.481753305795,5281.4817533058,959.5,539.5,1.176099194609868,69.72338730444102,-17.491265859010042,0.8917212459135105,0.45256268214338635,-0.004498701772838232,-0.09523563723787898,0.19734947554166005,0.9756963451316844,0.4424515713457822,-0.8696207237840047,0.21908081563439596,4.8419443677627525,0.9726407231669698
1,5274.8537298298215,5274.853729829827,959.5,539.5,1.176099194609868,69.72338730444102,-17.491265859010042,0.8918027442212481,0.45240239027224183,-0.0044657222723513135,-0.09523743247937522,0.19736892665532924,0.975692235413227,0.4422868942826455,-0.8696997091334949,0.2190997925122854,58.61236036843159,0.29709121342394446
2,5268.46504551139,5268.465045511394,959.5,539.5,1.176099194609868,69.72338730444102,-17.491265859010042,0.8918743534145394,0.45226151201809206,-0.004434238210447361,-0.09523837239041336,0.19737939536834626,0.9756900259346979,0.44214227364709513,-0.8697706013835693,0.21911027092092705,4.963790389272689,0.969703719908696
3,5262.315700350501,5262.315700350506,959.5,539.5,1.176099194609868,69.72338730444102,-17.491265859010042,0.8919360832244083,0.4521400513193075,-0.0044042519541678815,-0.09523845956677351,0.1973808816087354,0.9756897167617924,0.442017713741938,-0.8698334102391863,0.2191122524415689,5.725133844228166,0.9515746546402074
4,5256.405694347154,5256.405694347158,959.5,539.5,1.176099194609868,69.72338730444102,-17.491265859010042,0.8919879420774433,0.4520380115282988,-0.004375765303273493,-0.09523769598685372,0.1973733853068259,0.9756913077585753,0.441913218235847,-0.869888143904758,0.2191057384971279,5.026669621024446,0.9681919338285542
5,5250.735027501349,5250.735027501352,959.5,539.5,1.176099194609868,69.72338730444102,-17.491265859010042,0.8920299370952021,0.45195539541294705,-0.004348779490474075,-0.09523608301167041,0.1973569063948351,0.9756947985875783,0.44182879016483784,-0.869934809083639,0.2190907303518081,4.941068024813811,0.9702506739985213
6,5245.303699813086,5245.303699813089,959.5,539.5,1.176099194609868,69.72338730444102,-17.491265859010042,0.8920620740937274,0.45189220515778944,-0.004323295181635739,-0.0952336213848674,0.19733144480656672,0.9757001887098703,0.44176443193349213,-0.8699734109777052,0.21906722911082754,6.9348843589723455,0.9235422251782155
7,5240.111711282365,5240.111711282369,959.5,539.5,1.176099194609868,69.72338730444102,-17.491265859010042,0.8920843575831784,0.45184844236496147,-0.004299312475964878,-0.09523031123272965,0.19729700047721743,0.9757074773851077,0.44172014531592885,-0.8700039532870244,0.21903523572024597,58.318050946291805,0.29870299073760215
8,5235.159061909187,5235.1590619091885,959.5,539.5,1.176099194609868,69.72338730444102,-17.491265859010042,0.8920967907675728,0.45182410805489065,-0.004276830906169121,-0.09522615206420298,0.19725357334329685,0.9757166636715526,0.44169593145652,-0.8700264382096115,0.21899475096689913,58.18639302433521,0.29942827135867844
9,5230.445751693551,5230.445751693553,959.5,539.5,1.176099194609868,69.72338730444102,-17.491265859010042,0.8920993755446418,0.45181920266674824,-0.0042558494385966095,-0.09522114277091984,0.19720116334265897,0.9757277464260725,0.4416917908703537,-0.8700408664412758,0.21894577547843658,5.43418480069821,0.9584576708712331
10,5225.9717806354565,5225.971780635457,959.5,539.5,1.176099194609868,69.72338730444102,-17.491265859010042,0.8920921125057981,0.45183372605865335,-0.004236366473349934,-0.09521528162723111,0.19713977041464215,0.9757407243041102,0.4417077234434438,-0.8700472371755549,0.21888830972346196,58.17323112797085,0.29950092332419975
11,5221.737148734905,5221.7371487349055,959.5,539.5,1.176099194609868,69.72338730444102,-17.491265859010042,0.8920750009362144,0.45186767750763274,-0.00421837984438006,-0.09520856629024294,0.1970693945003255,0.9757555957596308,0.4417437284326851,-0.8700455481037378,0.21882235401178057,58.27464293025902,0.2989418260862865
12,5217.741855991895,5217.741855991894,959.5,539.5,1.176099194609868,69.72338730444102,-17.491265859010042,0.8920480388150159,0.45192105570933494,-0.00420188681955444,-0.09520099379986022,0.19699003554289096,0.9757723590450438,0.44179980446555556,-0.8700357954149767,0.2187479084947468,59.07409359859924,0.2945888433562563
13,5213.985902406427,5213.985902406427,959.5,539.5,1.176099194609868,69.72338730444102,-17.491265859010042,0.8920112228155841,0.4519938587774995,-0.004186884100705002,-0.09519256057883613,0.196901693488102,0.9757910122110997,0.4418759495395642,-0.8700179737964865,0.21866497316572014,60.33208586456421,0.2879311249255495
14,5210.469287978501,5210.469287978501,959.5,539.5,1.176099194609868,69.72338730444102,-17.491265859010042,0.891964548305972,0.4520860842431804,-0.004173367823651658,-0.09518326243282679,0.19680436828488945,0.9758115531067613,0.4419721610214462,-0.8699920764338338,0.21857354786062122,58.766636900313095,0.29625155081279797
15,5207.1920127081175,5207.192012708117,959.5,539.5,1.176099194609868,69.72338730444102,-17.491265859010042,0.8919080093494347,0.45219772905372513,-0.004161333558204167,-0.09517309455045322,0.19669805988605177,0.9758339793790508,0.4420884356461039,-0.8699580950113156,0.21847363225859479,61.262375822399626,0.2831546346780704
16,5204.154076595276,5204.154076595275,959.5,539.5,1.176099194609868,69.72338730444102,-17.491265859010042,0.8918415987050695,0.4523287895715081,-0.004150776308141257,-0.09516205150336995,0.19658276824906562,0.9758582884728727,0.44222476951529516,-0.8699160197124253,0.21836522588277563,8.45752862692368,0.8895672387928497
17,5201.355479639977,5201.355479639976,959.5,539.5,1.176099194609868,69.72338730444102,-17.491265859010042,0.8917653078285719,0.4524792615724198,-0.004141690511167917,-0.09515012724633867,0.19645849333700588,0.9758844776308101,0.4423811580960678,-0.8698658392204118,0.21824832810115763,61.38493687042679,0.2825344717003319
18,5198.796221842219,5198.796221842218,959.5,539.5,1.176099194609868,69.72338730444102,-17.491265859010042,0.8916791268731038,0.4526491402441115,-0.004134070038850801,-0.09513731511731116,0.19632523511958166,0.9759125438928996,0.44255759621894286,-0.8698075407189271,0.21812293812756933,5.771353160413442,0.9504863297479856
19,5196.476303202005,5196.476303202003,959.5,539.5,1.176099194609868,69.72338730444102,-17.491265859010042,0.891583044690277,0.4528384201839948,-0.004127908196532054,-0.09512360783751764,0.19618299357427876,0.9759424840963777,0.44275407807584255,-0.8697411098927648,0.21798905502275184,61.39285389789001,0.28249448354073436
20,5194.395723719332,5194.395723719329,959.5,539.5,1.176099194609868,69.72338730444102,-17.491265859010042,0.8914770488312518,0.4530470953969987,-0.004123197723221755,-0.09510899751156396,0.1960317686876169,0.9759742948754081,0.44297059721776955,-0.869666530928693,0.21784667769554172,64.83766273645313,0.26590032786373236
21,5192.5544833942,5192.5544833941985,959.5,539.5,1.176099194609868,69.72338730444102,-17.491265859010042,0.8913611255479483,0.4532751592930814,-0.004119930791469606,-0.09509347562753653,0.19587156045651732,0.9760079726607791,0.44320714655223004,-0.8695837865163774,0.21769580490415863,5.495834451331347,0.9569945878680471
22,5190.952582226612,5190.95258222661,959.5,539.5,1.176099194609868,69.72338730444102,-17.491265859010042,0.891235259794379,0.45352260468449923,-0.0041180990072162416,-0.0950770330571151,0.19570236888978154,0.976043513679582,0.44346371834040954,-0.8694928578493992,0.21753643525759692,62.96792487063448,0.2747106535907893
23,5189.590020216566,5189.590020216563,959.5,539.5,1.176099194609868,69.72338730444102,-17.491265859010042,0.8910994352280948,0.45378942378283305,-0.004117693409623868,-0.0950596600556948,0.19552419400968074,0.9760809139548632,0.44374030419409394,-0.8693937246263683,0.21736856721712067,62.96792487063448,0.2747106535907893
24,5188.466797364061,5188.466797364059,959.5,539.5,1.176099194609868,69.72338730444102,-17.491265859010042,0.8909536342117488,0.45407560819577086,-0.004118704470887913,-0.09504134626251873,0.1953370358536599,0.9761201693052521,0.4440368950723416,-0.8692863650521312,0.21719219909786702,6.915147194635157,0.923992087835867
25,5187.582913669099,5187.582913669096,959.5,539.5,1.176099194609868,69.72338730444102,-17.491265859010042,0.8907978378147836,0.4543811489236502,-0.00412112209602955,-0.09502208070081819,0.19514089447614957,0.9761612753445692,0.4443534812779056,-0.8691707558390769,0.21700732907055043,65.48729726242006,0.2629443467749829
26,5186.938369131679,5186.938369131676,959.5,539.5,1.176099194609868,69.72338730444102,-17.491265859010042,0.8906320258152334,0.4547060363557562,-0.0041249356226683576,-0.09500185177796533,0.194935769950491,0.9762042274814049,0.44469005245340365,-0.8690468722085403,0.21681395516327373,6.66756996780316,0.9296559505805136
27,5186.533163751801,5186.5331637517975,959.5,539.5,1.176099194609868,69.72338730444102,-17.491265859010042,0.890456176701651,0.4550502602663806,-0.004130133820778509,-0.09498064728563563,0.1947216623709725,0.9762490209186828,0.4450465975772424,-0.8689146878923065,0.21661207526344367,6.101521718464181,0.942752209083606
28,5186.367297529466,5186.367297529462,959.5,539.5,1.176099194609868,69.72338730444102,-17.491265859010042,0.890270267675155,0.4554138098106387,-0.004136704892426291,-0.0949584543999831,0.19449857185497738,0.9762956506531925,0.4454231049592892,-0.8687741751342136,0.21640168711979219,345.5732129277863,0.10002640408004175
29,5186.440770464672,5186.440770464667,959.5,539.5,1.176099194609868,69.72338730444102,-17.491265859010042,0.8900742746516039,0.45579667352004744,-0.004144636471491159,-0.09493525968182698,0.19426649854524358,0.9763441114751066,0.44581956223629937,-0.8686253046918622,0.2161827883445031,60.99201922342114,0.2845301066809469
30,5186.7535825574205,5186.753582557417,959.5,539.5,1.176099194609868,69.72338730444102,-17.491265859010042,0.8898681722638909,0.4561988392978619,-0.004153915623370308,-0.09491104907685216,0.1940254426122343,0.9763943979674701,0.44623595636709273,-0.8684680458384237,0.2159553764154437,351.8583130060471,0.10001518977182432
31,5187.305733807711,5187.305733807706,959.5,539.5,1.176099194609868,69.72338730444102,-17.491265859010042,0.8896519338643702,0.45662029441417573,-0.004164528844667698,-0.09488580791582249,0.19377540425661943,0.9764465045056722,0.4466722736274865,-0.8683023663645605,0.21571944867850135,362.6075911239273,0.1
32,5188.097224215543,5188.097224215539,959.5,539.5,1.176099194609868,69.72338730444102,-17.491265859010042,0.8894255315274078,0.4570610255007811,-0.004176462062868064,-0.09485952091481029,0.1935163837118709,0.9765004252568928,0.44712849960498036,-0.868128232580449,0.21547500235002853,5.2799330872353645,0.9621293585378434
33,5189.128053780918,5189.128053780913,959.5,539.5,1.176099194609868,69.72338730444102,-17.491265859010042,0.889188936052064,0.4575210185457924,-0.004189700635997218,-0.09483217217543874,0.19324838124696608,0.9765561541795307,0.44760461919319655,-0.8679456093179159,0.21522203451939004,5.748667539603219,0.9510203334956883
34,5190.398222503835,5190.398222503831,959.5,539.5,1.176099194609868,69.72338730444102,-17.491265859010042,0.8889421169649063,0.4580002588880325,-0.004204229352268052,-0.09480374518514384,0.1929713971692067,0.9766136850226066,0.4481006165860761,-0.8677544599326816,0.21496054215162125,326.11249645460407,0.1000765208926464
35,5191.907730384294,5191.90773038429,959.5,539.5,1.176099194609868,69.72338730444102,-17.491265859010042,0.8886850425229553,0.45849873121118345,-0.0042200324297150815,-0.09477422281744993,0.19268543182714543,0.976673011325149,0.4486164752718309,-0.8675547463067222,0.21469052209018752,5.944012768373015,0.946433007054922
36,5193.656577422295,5193.656577422291,959.5,539.5,1.176099194609868,69.72338730444102,-17.491265859010042,0.8884176797167679,0.45901641953770345,-0.004237093515816609,-0.09474358733226607,0.1923904856136266,0.9767341264155597,0.4491521780266551,-0.867346428850745,0.21441197105985477,6.688799923735086,0.9291687473654532
37,5195.644763617838,5195.6447636178345,959.5,539.5,1.176099194609868,69.72338730444102,-17.491265859010042,0.8881399942736523,0.45955330722250654,-0.004255395687105645,-0.09471182037619974,0.1920865589689365,0.9767970234109542,0.4497077069081914,-0.8671294665067786,0.21412488566966342,335.43304783034966,0.1000491583445835
38,5197.872288970924,5197.87228897092,959.5,539.5,1.176099194609868,69.72338730444102,-17.491265859010042,0.8878519506610272,0.460109376946412,-0.0042749214487715625,-0.09467890298289067,0.19177365238406496,0.9768616952164886,0.4502830432487604,-0.8669038167508896,0.21382926241600952,332.80654332720303,0.10005616916529053
39,5200.339153481552,5200.339153481547,959.5,539.5,1.176099194609868,69.72338730444102,-17.491265859010042,0.8875535120899194,0.46068461070936134,-0.004295652734253086,-0.09464481557336729,0.19145176640408285,0.9769281345246639,0.45087816764834865,-0.8666694355960181,0.21352509768583855,5.0254550752034985,0.9682211098782438
40,5203.045357149721,5203.045357149717,959.5,539.5,1.176099194609868,69.72338730444102,-17.491265859010042,0.8872446405186025,0.4612789898234018,-0.004317570904821766,-0.0946095379564223,0.19112090163162238,0.9769963338146098,0.45149305996735817,-0.8664262775949366,0.21321238775993717,17.9939109368575,0.7064496901795508
41,5205.990899975433,5205.990899975429,959.5,539.5,1.176099194609868,69.72338730444102,-17.491265859010042,0.8869252966563829,0.4618924949054416,-0.004340656749159899,-0.0945730493290142,0.1907810587304769,0.9770662853513524,0.45212769931911856,-0.8661742958433395,0.21289112881634076,5.675557513521052,0.952743575102003
42,5209.175781958687,5209.175781958684,959.5,539.5,1.176099194609868,69.72338730444102,-17.491265859010042,0.8865954399675333,0.4625251058697767,-0.004364890482931788,-0.094535328276691,0.1904322384293074,0.9771379811850635,0.4527820640621648,-0.8659134419830629,0.21256131693384456,6.309138954311028,0.9379248815719603
43,5212.600003099484,5212.60000309948,959.5,539.5,1.176099194609868,69.72338730444102,-17.491265859010042,0.8862550286753741,0.4631768019203881,-0.004390251748350005,-0.09449635277404131,0.1900744415254611,0.9772114131502908,0.45345613179227856,-0.8656436662054346,0.21222294809562442,4.0460513926823936,0.9920705974009014
44,5216.263563397822,5216.263563397818,959.5,539.5,1.176099194609868,69.72338730444102,-17.491265859010042,0.8859040197665062,0.4638475615430131,-0.00441671961373849,-0.09445610018516923,0.18970766888890117,0.9772865728651695,0.4541498793342953,-0.8653649172547612,0.21187601819296414,6.147500953185049,0.9416807498940516
45,5220.166462853702,5220.166462853699,959.5,539.5,1.176099194609868,69.72338730444102,-17.491265859010042,0.8855423689952016,0.4645373624969926,-0.004444272573092212,-0.0944145472642007,0.1893319214662486,0.9773634517306211,0.45486328273368287,-0.8650771424319543,0.2115205230290947,5.367366740482522,0.9600462323892839
46,5224.3087014671255,5224.308701467121,959.5,539.5,1.176099194609868,69.72338730444102,-17.491265859010042,0.8851700308879458,0.4652461818068923,-0.004472888545635517,-0.09437167015581588,0.18894720028493212,0.9774420409295315,0.45559631724788496,-0.8647802875982975,0.21115645832313706,9.85071063958035,0.8597102841859897
47,5228.690279238091,5228.690279238086,959.5,539.5,1.176099194609868,69.72338730444102,-17.491265859010042,0.8847869587481425,0.4659739957539024,-0.004502544875381154,-0.09432744439581284,0.18855350645745195,0.9775223314259139,0.4563489573374388,-0.8644742971793561,0.21078381971415805,9.432203638981916,0.8685585910807831
48,5233.311196166597,5233.311196166593,959.5,539.5,1.176099194609868,69.72338730444102,-17.491265859010042,0.8843931046609819,0.46672077986701677,-0.00453321833068876,-0.09428184491170435,0.18815084118575254,0.9776043139640596,0.4571211766568634,-0.8641591141690388,0.21040260276533485,4.925452836349162,0.9706267493818421
49,5238.171452252646,5238.171452252642,959.5,539.5,1.176099194609868,69.72338730444102,-17.491265859010042,0.8839884194984673,0.4674865089139911,-0.004564885103826799,-0.09423484602334592,0.1877392057657063,0.9776879790676668,0.4579129480453228,-0.8638346801338038,0.21001280296822572,4.828466337110893,0.9729662091747591
50,5243.271047496237,5243.271047496233,959.5,539.5,1.176099194609868,69.72338730444102,-17.491265859010042,0.8835728529246165,0.4682711568920841,-0.004597520810537797,-0.09418642144359901,0.18731860159170755,0.9777733170389628,0.4587242435170643,-0.8635009352170248,0.20961441574715423,4.35601166815584,0.984452731163751
51,5248.60998189737,5248.609981897367,959.5,539.5,1.176099194609868,69.72338730444102,-17.491265859010042,0.8831463534008283,0.46907469701858184,-0.004631100489607826,-0.09413654427903084,0.18688903016137626,0.9778603179578064,0.4595550342516348,-0.8631578181435106,0.20920743646369955,4.822511931242263,0.973110043010984
52,5254.188255456045,5254.188255456042,959.5,539.5,1.176099194609868,69.72338730444102,-17.491265859010042,0.8827088681914236,0.46989710172110744,-0.004665598602443588,-0.0940851870306505,0.18645049308037354,0.9779489716807791,0.46040529058387614,-0.8628052662241862,0.20879186042130038,3.726213936067211,1.0
53,5260.005868172263,5260.00586817226,959.5,539.5,1.176099194609868,69.72338730444102,-17.491265859010042,0.8822603433693625,0.4707383426277171,-0.00470098903265595,-0.09403232159468469,0.18600299206732457,0.9780392678402627,0.46127498199370065,-0.862443215360938,0.20836768286996493,3.726213936067211,1.0
54,5266.062820046022,5266.06282004602,959.5,539.5,1.176099194609868,69.72338730444102,-17.491265859010042,0.8818007238221387,0.4715983905567859,-0.004737245085653319,-0.09397791926339413,0.18554652895885337,0.9781311958435046,0.4621640770956515,-0.862071600051626,0.20793489901109463,5.7667692639388495,0.9505942044669016
55,5272.359111077324,5272.359111077321,959.5,539.5,1.176099194609868,69.72338730444102,-17.491265859010042,0.8813299532578596,0.4724772155066845,-0.004774339488246071,-0.09392195072593129,0.18508110571472652,0.978224744871673,0.463072543628247,-0.8616903533952693,0.207493504002417,8.919675552381914,0.8795352428928042
56,5278.894741266168,5278.8947412661655,959.5,539.5,1.176099194609868,69.72338730444102,-17.491265859010042,0.8808479742115065,0.4733747866452469,-0.004812244388261888,-0.09386438606924166,0.18460672442310327,0.9783199038788983,0.4640003484431124,-0.8612994070974038,0.20704349296302677,4.877419131979014,0.9717846097302104
57,5285.669710612554,5285.669710612552,959.5,539.5,1.176099194609868,69.72338730444102,-17.491265859010042,0.8803547280513857,0.4742910722990344,-0.004850931354176163,-0.09380519477901189,0.18412338730590028,0.9784166615913045,0.46494745749390054,-0.8608986914756195,0.20658486097854312,5.714450262963092,0.9518264187056203
58,5292.684019116482,5292.68401911648,959.5,539.5,1.176099194609868,69.72338730444102,-17.491265859010042,0.879850154985771,0.47522603994239593,-0.00489037137475698,-0.09374434574066198,0.18363109672425848,0.9785150065060327,0.46591383582500534,-0.8604881354652801,0.2061176031063715,38.771182272941,0.4412834966457966
59,5299.9376667779525,5299.937666777951,959.5,539.5,1.176099194609868,69.72338730444102,-17.491265859010042,0.8793341940697392,0.4761796561863274,-0.0049305348587274644,-0.0936818072403901,0.1831298551841249,0.9786149268902533,0.4668994475600678,-0.8600676666254303,0.2056417143810833,38.837654854895945,0.4406563314542745
60,5307.430653596965,5307.430653596963,959.5,539.5,1.176099194609868,69.72338730444102,-17.491265859010042,0.8788067832122051,0.4771518867671316,-0.004971391634446598,-0.09361754696626298,0.1826196653419367,0.9787164107801701,0.46790425589027956,-0.8596372111448908,0.20515718981989967,5.540510228019778,0.9559358909706522
61,5315.16297957352,5315.162979573518,959.5,539.5,1.176099194609868,69.72338730444102,-17.491265859010042,0.8782678591831551,0.47814269653488284,-0.005012910949609567,-0.09355153200936284,0.1821005300104157,0.9788194459800168,0.46892822306248416,-0.8591966938485487,0.2046640244282918,5.032577506362685,0.968050027470765
62,5323.134644707617,5323.134644707615,959.5,539.5,1.176099194609868,69.72338730444102,-17.491265859010042,0.8777173576210895,0.4791520494416962,-0.005055061470972011,-0.09348372886498532,0.18157245216447154,0.978924020061046,0.46997131036708073,-0.8587460382038473,0.2041622132056911,6.2732888109729945,0.9387564571368044
63,5331.345648999256,5331.345648999254,959.5,539.5,1.176099194609868,69.72338730444102,-17.491265859010042,0.8771552130406673,0.4801799085298063,-0.005097811284095616,-0.09341410343389464,0.18103543494720808,0.9790301203605111,0.4710334781257305,-0.8582851663274754,0.2036517511513095,5.332502303913265,0.9608762812877628
64,5339.795992448437,5339.795992448435,959.5,539.5,1.176099194609868,69.72338730444102,-17.491265859010042,0.8765813588405684,0.48122623591945723,-0.005141127893121905,-0.09334262102363569,0.18048948167604056,0.9791377339806447,0.4721146856788724,-0.857813998992267,0.20313263327007408,4.7552473070473305,0.9747365251702579
65,5348.48567505516,5348.485675055159,959.5,539.5,1.176099194609868,69.72338730444102,-17.491265859010042,0.8759957273115649,0.4822909927966046,-0.005184978220571013,-0.09326924634990608,0.17993459584891536,0.9792468477876292,0.47321489137304507,-0.8573324556343082,0.2026048545786704,4.456819197477529,0.9819892387022515
66,5357.414696819425,5357.414696819425,959.5,539.5,1.176099194609868,69.72338730444102,-17.491265859010042,0.8753982496448156,0.4833741394004357,-0.00522932860717118,-0.09319394353798915,0.17937078115063682,0.9793574484105632,0.47433405254802413,-0.8568404543602612,0.20206841011169902,7.444922165263277,0.9120018925905237
67,5366.583057741233,5366.583057741233,959.5,539.5,1.176099194609868,69.72338730444102,-17.491265859010042,0.8747888559403785,0.4844756350107079,-0.005274144811719117,-0.09311667612425042,0.17879804145929973,0.9794695222404268,0.4754721255237736,-0.8563379119549068,0.2015232949279438,5.234040044124881,0.9632247888063564
68,5375.990757820582,5375.990757820582,959.5,539.5,1.176099194609868,69.72338730444102,-17.491265859010042,0.8741674752159545,0.48559543793491045,-0.005319392010973173,-0.09303740705769983,0.1782163808528252,0.9795830554290437,0.47662906558721707,-0.855824743888913,0.20096950411675152,5.737002793495272,0.9512950440181208
69,5385.637797057474,5385.637797057474,959.5,539.5,1.176099194609868,69.72338730444102,-17.491265859010042,0.8735340354158534,0.48673350549524946,-0.005365034799582086,-0.09295609870162086,0.17762580361560204,0.9796980338880374,0.47780482697882964,-0.8553008643268272,0.20040703280452304,5.52591628660752,0.9562815845985012
70,5395.5241754519075,5395.524175451908,959.5,539.5,1.176099194609868,69.72338730444102,-17.491265859010042,0.8728884634201994,0.48788979401546345,-0.005411037190049595,-0.09287271283526904,0.1770263142452289,0.9798144432877929,0.47899936287905553,-0.8547661861353071,0.19983587616131587,6.127947411099807,0.9421362416796201
71,5405.649893003883,5405.649893003884,959.5,539.5,1.176099194609868,69.72338730444102,-17.491265859010042,0.8722306850543693,0.4890642588074689,-0.005457362612740213,-0.09278721065564216,0.17641791745936375,0.9799322690564113,0.4802126253945551,-0.8542206208915836,0.19925602940756004,7.619290487074138,0.908093766877078
72,5416.014949713402,5416.014949713403,959.5,539.5,1.176099194609868,69.72338730444102,-17.491265859010042,0.8715606250986735,0.49025685415784104,-0.005503973915923416,-0.0926995527793236,0.17580061820267,0.9800514963786713,0.48144456554428283,-0.8536640788921699,0.19866748782088217,4.7694225038109055,0.9743935121739082
73,5426.619345580461,5426.619345580463,959.5,539.5,1.176099194609868,69.72338730444102,-17.491265859010042,0.8708782072982796,0.49146753331413406,-0.005550833365863622,-0.09260969924440177,0.17517442165386843,0.9801721101949873,0.48269513324540214,-0.8530964691618138,0.19807024674304374,5.04353469047407,0.9677868992479871
74,5437.463080605064,5437.463080605066,959.5,539.5,1.176099194609868,69.72338730444102,-17.491265859010042,0.8701833543733861,0.4926962484710406,-0.005597902646953451,-0.09251760951246674,0.17453933323288734,0.980294095200373,0.4839642772990388,-0.8525176994627043,0.1974643015869892,7.415027783671652,0.9126738121605334
75,5448.546154787208,5448.546154787211,959.5,539.5,1.176099194609868,69.72338730444102,-17.491265859010042,0.8694759880296464,0.4939429507563996,-0.0056451428618961574,-0.09242324247068767,0.17389535860811522,0.9804174358434061,0.4852519453758786,-0.8519276763039314,0.19684964784400627,5.799465744121333,0.9498250439255167
76,5459.868568126894,5459.868568126898,959.5,539.5,1.176099194609868,69.72338730444102,-17.491265859010042,0.8687560289688498,0.49520759021705096,-0.005692514531936282,-0.09232655643397078,0.1732425037037481,0.9805421163251998,0.48655808400161205,-0.8513263049512086,0.19622628109099466,7.147714791742382,0.9187068263911512
77,5471.430320624123,5471.4303206241275,959.5,539.5,1.176099194609868,69.72338730444102,-17.491265859010042,0.8680233968998617,0.4964901158045444,-0.005739977597143259,-0.09222750914720379,0.1725807747072412,0.9806681205983762,0.4878826385422298,-0.8507134894368603,0.19559419699784908,7.551140105066269,0.9096189806896933
78,5483.231412278894,5483.231412278899,959.5,539.5,1.176099194609868,69.72338730444102,-17.491265859010042,0.8672780105498263,0.497790475360705,-0.00578749141674853,-0.09212605778758487,0.1719101780768521,0.9807954323660485,0.4892255531891748,-0.8500891325700787,0.1949533913349482,8.774028762882688,0.882683020426023
79,5495.271843091207,5495.271843091212,959.5,539.5,1.176099194609868,69.72338730444102,-17.491265859010042,0.8665197876756404,0.4991086156030593,-0.005835014769539293,-0.092022158967042,0.1712307205492848,0.9809240350808096,0.4905867709443536,-0.8494531359474579,0.19430385998075816,7.35347265170871,0.9140591045294102
80,5465.228555617792,5465.228555617794,959.5,539.5,1.176099194609868,69.72338730444102,-17.491265859010042,0.8661708506708905,0.4997160130780277,-0.005653646740530149,-0.09241943651423648,0.17129038816508568,0.9808762667516456,0.491127992688726,-0.8490839235291497,0.1945502135745114,6.669826362097929,0.9296041553189346
81,5452.184597364374,5452.184597364374,959.5,539.5,1.176099194609868,69.72338730444102,-17.491265859010042,0.866014707793882,0.49998985891488545,-0.005354144838418201,-0.09301257421418574,0.1716063105588,0.980764974504314,0.4912913462729914,-0.8488588900156905,0.19511893275282638,6.774689029434584,0.927200608805698
82,5480.991088286773,5480.991088286773,959.5,539.5,1.176099194609868,69.72338730444102,-17.491265859010042,0.8654533091358951,0.5009615880617124,-0.005296885161675147,-0.09308684950719515,0.17118612493025498,0.9808313560853303,0.49226558701025774,-0.8483706724763949,0.19478653425582604,5.832909469168594,0.9490390245066435
83,5509.324970941719,5509.324970941719,959.5,539.5,1.176099194609868,69.72338730444102,-17.491265859010042,0.8649082282265278,0.5019025510180719,-0.005252240245858186,-0.09314526183677632,0.1707781908954611,0.9808969210430991,0.49321163504463966,-0.8478965967593131,0.19445730703824926,5.46296500015199,0.9577743423003877
84,5537.18624532921,5537.18624532921,959.5,539.5,1.176099194609868,69.72338730444102,-17.491265859010042,0.8643795620935026,0.502812809903713,-0.005220232923663387,-0.09318785168328042,0.1703825383812277,0.980961678616155,0.49412953456932707,-0.8474367639012967,0.19413122946810563,6.885663220955125,0.9246645640443333
85,5564.574911449248,5564.574911449248,959.5,539.5,1.176099194609868,69.72338730444102,-17.491265859010042,0.8638674040788035,0.5036924249565654,-0.005200885648083714,-0.09321465831124623,0.16999919556482979,0.981025637271131,0.49501932855805464,-0.8469912718255637,0.19380828105436365,5.565478063595534,0.9553447895618711
86,5591.490969301831,5591.490969301831,959.5,539.5,1.176099194609868,69.72338730444102,-17.491265859010042,0.8633718438533529,0.5045414545056335,-0.005194220499903451,-0.09322571975985583,0.16962818888506992,0.9810888047016071,0.49588105873941046,-0.8465602153544136,0.19348844245217978,9.740731661528828,0.862025605497333
87,5617.93441888696,5617.93441888696,959.5,539.5,1.176099194609868,69.72338730444102,-17.491265859010042,0.8628929674312873,0.5053599549449226,-0.005200259194825085,-0.09322107283393036,0.16926954305299508,0.9811511878269941,0.4967147655720721,-0.8461436862216112,0.19317169546800933,5.760878658022574,0.9507328506044893
88,5643.905260204636,5643.905260204636,959.5,539.5,1.176099194609868,69.72338730444102,-17.491265859010042,0.8624308571838147,0.5061479807083835,-0.005219023090224123,-0.09320075309546097,0.1689232810622595,0.9812127927914513,0.49752048822096695,-0.8457417730844248,0.1928580230645951,4.7206108057405,0.9755752292683986
89,5669.403493254857,5669.403493254857,959.5,539.5,1.176099194609868,69.72338730444102,-17.491265859010042,0.861985591852646,0.5069055842458715,-0.005250533191529433,-0.09316479485566809,0.16858942419912637,0.9812736249628379,0.4982982645343499,-0.8453545615353114,0.19254740936583992,4.846088335652619,0.9725406733284293
90,5694.429118037623,5694.429118037623,959.5,539.5,1.176099194609868,69.72338730444102,-17.491265859010042,0.8615572465629809,0.5076328160001118,-0.005294810158228219,-0.09311323116758716,0.16826799205210752,0.9813336889316924,0.4990481310217949,-0.84498213411323,0.192239839661567,7.001341142820277,0.9220293025468164
91,5718.982134552936,5718.982134552936,959.5,539.5,1.176099194609868,69.72338730444102,-17.491265859010042,0.8611458928360451,0.5083297243846623,-0.005351874309491467,-0.093046093819173,0.16795900252123303,0.9813929885102434,0.4997701228330931,-0.8446245703145784,0.19193530041216839,6.403771471288264,0.9357337553550027
92,5743.062542800795,5743.062542800795,959.5,539.5,1.176099194609868,69.72338730444102,-17.491265859010042,0.8607515986011576,0.5089963557628696,-0.005421745629420854,-0.09296341332692182,0.1676624718269507,0.9814515267314454,0.5004642737380559,-0.844281946603737,0.19163377925314995,7.046089965579138,0.9210121388077904
93,5766.670342781199,5766.670342781199,959.5,539.5,1.176099194609868,69.72338730444102,-17.491265859010042,0.8603744282073273,0.5096327544278101,-0.005504443771911505,-0.09286521893000324,0.16737841451864788,0.9815093058480425,0.5011306161072153,-0.8439543364232139,0.19133526499956977,7.996383999799477,0.8997061530758348
94,5789.80553449415,5789.80553449415,959.5,539.5,1.176099194609868,69.72338730444102,-17.491265859010042,0.8600144424343598,0.5102389625832077,-0.005599988065131761,-0.09275153858489946,0.16710684348279115,0.9815663273316542,0.5017691808934179,-0.8436418102033767,0.1910397476503739,7.081551209260267,0.9202069804331634
95,5812.468117939647,5812.468117939647,959.5,539.5,1.176099194609868,69.72338730444102,-17.491265859010042,0.85967169850347,0.5108150203253257,-0.005708397515615832,-0.09262239896054986,0.16684776995068767,0.9816225918718839,0.5023799976143077,-0.8433444353717641,0.19074721839263759,7.876050677089337,0.9023732016005139
96,5834.658093117689,5834.658093117689,959.5,539.5,1.176099194609868,69.72338730444102,-17.491265859010042,0.8593462500873912,0.5113609656258246,-0.005829690811969379,-0.09247782543399274,0.16660120350585517,0.9816780993754525,0.5029630943356966,-0.843062276361969,0.19045766960570598,7.076185555762207,0.92032875852004
97,5856.375460028278,5856.375460028278,959.5,539.5,1.176099194609868,69.72338730444102,-17.491265859010042,0.8590381473199691,0.51187683431558,-0.005963886328184342,-0.09231784208650468,0.16636715209100522,0.9817328489653484,0.5035184976558125,-0.8427953946220806,0.19017109486524225,8.451383683907036,0.8897014953869474
98,5877.620218671412,5877.620218671412,959.5,539.5,1.176099194609868,69.72338730444102,-17.491265859010042,0.8587474368052344,0.5123626600694566,-0.006111002126563403,-0.09214247170023177,0.1661456220146325,0.9817868389800014,0.5040462326904274,-0.8425438486226825,0.18988748894718227,8.618310450145195,0.8860625279291985
