frame,fx,fy,cx,cy,cam_x,cam_y,cam_z,r11,r12,r13,r21,r22,r23,r31,r32,r33,recon_error,confidence
0,6023.501537407352,6023.5015374073455,959.5,539.5,1.915216181116944,84.68168266381842,-19.070093815386457,0.9006705315525356,0.4344487293912138,-0.006848001404262921,-0.08737667317838752,0.1965371634626118,0.9765953411533088,0.4256264918648158,-0.8789922894476552,0.21497591612647987,7.406099573944417,0.46486771073654753
1,6022.861603979121,6022.861603979116,959.5,539.5,1.915216181116944,84.68168266381842,-19.070093815386457,0.9004566415444435,0.4348919707419252,-0.0068418186695088645,-0.08737624108134787,0.19627991502107672,0.9766471151105776,0.42607890019689565,-0.8788305688490381,0.21474077876239644,5.581702774755754,0.7198179667791296
2,6022.542262115009,6022.542262115003,959.5,539.5,1.915216181116944,84.68168266381842,-19.070093815386457,0.9002434837092557,0.4353331398422068,-0.006835743862154686,-0.08737362495467269,0.19602000547219728,0.9766995480274169,0.4265296234745057,-0.878670139932959,0.21450236709391118,6.3636837525238805,0.6021122680452416
3,6022.543511815013,6022.543511815008,959.5,539.5,1.915216181116944,84.68168266381842,-19.070093815386457,0.9000310609833604,0.4357722380259563,-0.006829775326923443,-0.08736882347587979,0.19575743590455602,0.976752637555955,0.42697866217131686,-0.8785110032628638,0.21426068047233854,6.86497836221656,0.5334810981515518
4,6022.865353079134,6022.86535307913,959.5,539.5,1.915216181116944,84.68168266381842,-19.070093815386457,0.8998193762882348,0.43620926662445386,-0.006823911430313523,-0.08736183533751057,0.19549220738785233,0.9768063813146836,0.42742601673589586,-0.8783531593622133,0.21401571824448928,6.574359178850512,0.572650868614222
5,6023.507785907373,6023.507785907369,959.5,539.5,1.915216181116944,84.68168266381842,-19.070093815386457,0.8996084325304734,0.43664422696630034,-0.006818150560600117,-0.08735265924712235,0.19522432097292236,0.9768607768884561,0.42787168759164373,-0.8781966087145086,0.21376747975268712,4.794936428368783,0.8527437936174834
6,6024.470810299729,6024.470810299725,959.5,539.5,1.915216181116944,84.68168266381842,-19.070093815386457,0.8993982326018162,0.4370771203773574,-0.006812491127836523,-0.08734129392728224,0.19495377769176242,0.9769158218284826,0.42831567513673596,-0.8780413517633143,0.21351596433478742,4.468465839402891,0.9125851513406328
7,6025.754426256201,6025.754426256199,959.5,539.5,1.915216181116944,84.68168266381842,-19.070093815386457,0.8991887793791744,0.43750794818068806,-0.006806931563856311,-0.08732773811556185,0.19468057855755422,0.9769715136523255,0.42875797974406316,-0.8778873889122799,0.21326117132419858,4.599564915291294,0.8882087961237544
8,6027.358633776791,6027.358633776789,959.5,539.5,1.915216181116944,84.68168266381842,-19.070093815386457,0.8989800757246592,0.43793671169649795,-0.006801470322273739,-0.08731199056453198,0.19440472456468572,0.9770278498438968,0.4291986017611723,-0.8777347205251639,0.21300310004989942,4.711963729813301,0.8676809469746828
9,6029.283432861499,6029.283432861497,959.5,539.5,1.915216181116944,84.68168266381842,-19.070093815386457,0.8987721244856071,0.4383634122420773,-0.006796105878485864,-0.08729405004175875,0.19412621668878022,0.9770848278534511,0.42963754151020817,-0.8775833469258539,0.21274174983646427,5.771907143885592,0.6899285358762242
10,6031.5288235103235,6031.528823510322,959.5,539.5,1.915216181116944,84.68168266381842,-19.070093815386457,0.8985649284946065,0.4387880511317436,-0.006790836729673316,-0.0872739153298002,0.1938450558867198,0.9771424450975822,0.43007479928785597,-0.87743326839839,0.2124771200040832,5.223028575998001,0.7785105864096066
11,6034.094805723265,6034.094805723264,959.5,539.5,1.915216181116944,84.68168266381842,-19.070093815386457,0.8983584905695258,0.43921062967678587,-0.0067856613948020506,-0.08725158522620419,0.19356124309667544,0.9772006989592181,0.43051037536528436,-0.8772844851869839,0.21220920986858927,6.110150836569765,0.6388002911603758
12,6036.981379500324,6036.981379500322,959.5,539.5,1.915216181116944,84.68168266381842,-19.070093815386457,0.8981528135135363,0.43963114918540785,-0.0067805784146239,-0.08722705854350615,0.19327477923813285,0.9772595867876145,0.430944269988089,-0.8771369974960405,0.211938018741481,6.064611976663139,0.6455364182352195
13,6040.1885448415005,6040.188544841499,959.5,539.5,1.915216181116944,84.68168266381842,-19.070093815386457,0.8979479001151406,0.44004961096267425,-0.0067755863516784365,-0.0872003341092289,0.19298566521192428,0.9773191058983501,0.431376483376237,-0.8769908054901776,0.2116635459299523,4.908026579499173,0.8326764085390372
14,6043.716301746794,6043.716301746793,959.5,539.5,1.915216181116944,84.68168266381842,-19.070093815386457,0.8977437531481964,0.44046601631045545,-0.006770683790293441,-0.08717141076588186,0.19269390190025698,0.9773792535733201,0.4318070157240112,-0.8768459092942456,0.21138579073691738,4.620566836882501,0.8843472759924391
15,6047.564650216204,6047.5646502162035,959.5,539.5,1.915216181116944,84.68168266381842,-19.070093815386457,0.8975403753719426,0.44088036652737495,-0.006765869336586378,-0.08714028737096202,0.1923994901667449,0.9774400270607312,0.43223586719995644,-0.876702308993346,0.21110475246104116,5.47140780851379,0.7375374738707351
16,6051.733590249732,6051.733590249732,959.5,539.5,1.915216181116944,84.68168266381842,-19.070093815386457,0.8973377695310243,0.44129266290875635,-0.0067611416184651385,-0.08710696279695537,0.19210243085644158,0.9775014235750943,0.4326630379468254,-0.8765600046328514,0.2108204303967695,5.9893804391032965,0.6567641232129837
17,6056.223121847376,6056.223121847377,959.5,539.5,1.915216181116944,84.68168266381842,-19.070093815386457,0.8971359383555166,0.44170290674657153,-0.006756499285629269,-0.08707143593133906,0.19180272479587246,0.9775634402972188,0.433088528081525,-0.8764189962184233,0.21053282383436023,8.39704582134163,0.3525500161536539
18,6061.033245009139,6061.033245009139,959.5,539.5,1.915216181116944,84.68168266381842,-19.070093815386457,0.8969348845609488,0.44211109932938875,-0.006751941009570744,-0.08703370567658489,0.19150037279307036,0.977626074374204,0.4335123376950637,-0.8762792837160276,0.21024193205991665,8.836743609040646,0.30772717319291976
19,6066.163959735018,6066.163959735019,959.5,539.5,1.915216181116944,84.68168266381842,-19.070093815386457,0.8967346108483307,0.4425172419423235,-0.00674746548357516,-0.08699377095016242,0.1911953756376097,0.9776893229194354,0.43393446685250026,-0.8761408670519555,0.20994775435542046,7.400586567922705,0.46553954522197627
20,6071.615266025015,6071.615266025015,959.5,539.5,1.915216181116944,84.68168266381842,-19.070093815386457,0.8965351199041738,0.4429213358669878,-0.006743071422721902,-0.08695163068454412,0.19088773410064191,0.9777531830125747,0.4343549155928912,-0.876003746112838,0.20965028999876628,7.792558054272531,0.4191059951148084
21,6077.387163879129,6077.38716387913,959.5,539.5,1.915216181116944,84.68168266381842,-19.070093815386457,0.8963364144005159,0.44332338238144176,-0.006738757563885839,-0.08690728382721083,0.19057744893493428,0.9778176516995535,0.4347736839292409,-0.8758679207456629,0.20934953826379937,6.991294710813452,0.51697181259633
22,6083.47965329736,6083.479653297361,959.5,539.5,1.915216181116944,84.68168266381842,-19.070093815386457,0.8961384969949451,0.44372338276014456,-0.0067345226657375135,-0.08686072934065733,0.19026452087490614,0.977882725992566,0.4351907718484507,-0.8757333907577904,0.20904549842035153,6.795897313909434,0.5426405801206938
23,6089.892734279708,6089.89273427971,959.5,539.5,1.915216181116944,84.68168266381842,-19.070093815386457,0.8959413703306213,0.4441213382739083,-0.006730365508744063,-0.08681196620240053,0.18994895063666983,0.9779484028700601,0.4356061793112695,-0.8756001559169692,0.20873816973428094,7.193883224484626,0.4911267894209316
24,6096.626406826173,6096.626406826175,959.5,539.5,1.915216181116944,84.68168266381842,-19.070093815386457,0.8957450370363003,0.4445172501898502,-0.0067262848951702425,-0.08676099340498614,0.18963073891806886,0.978014679276731,0.43601990625224535,-0.8754682159513509,0.20842755146751074,6.773419565809698,0.5456410594035608
25,6103.680670936756,6103.680670936757,959.5,539.5,1.915216181116944,84.68168266381842,-19.070093815386457,0.8955494997263557,0.44491111977134723,-0.006722279649078788,-0.08670780995599778,0.18930988639872004,0.9780815521235122,0.4364319525796766,-0.8753375705495052,0.208113642878071,4.500333200120848,0.9066164240012127
26,6111.055526611455,6111.055526611458,959.5,539.5,1.915216181116944,84.68168266381842,-19.070093815386457,0.8953547610008,0.44530294827798994,-0.006718348616330999,-0.0866524148780668,0.18898639374005488,0.9781490182875658,0.4368423181755634,-0.8752082193604327,0.20779644322014057,4.1295232015534165,0.9778324977700482
27,6118.750973850272,6118.750973850275,959.5,539.5,1.915216181116944,84.68168266381842,-19.070093815386457,0.8951608234453081,0.4456927369655392,-0.006714490664587791,-0.08659480720888141,0.18866026158536187,0.9782170746122762,0.437251002895562,-0.8750801619935797,0.20747595174408928,6.605749302785655,0.5683388993560049
28,6126.767012653206,6126.767012653209,959.5,539.5,1.915216181116944,84.68168266381842,-19.070093815386457,0.894967689631238,0.44608048708588155,-0.006710704683309837,-0.08653498600119891,0.1883314905598315,0.9782857179072402,0.4376580065689376,-0.8749533980188515,0.2071521676965244,7.215257132425496,0.4884447255688915
29,6135.103643020258,6135.103643020261,959.5,539.5,1.915216181116944,84.68168266381842,-19.070093815386457,0.8947753621156525,0.4464661998869867,-0.006706989583758788,-0.08647295032285679,0.18800008127060103,0.9783549449482577,0.4380633289985184,-0.874827926966624,0.20682509032033608,5.841552726509415,0.6791918570212402
30,6143.760864951426,6143.7608649514295,959.5,539.5,1.915216181116944,84.68168266381842,-19.070093815386457,0.8945838434413382,0.44684987661286457,-0.006703344298996966,-0.08640869925678563,0.18766603430679824,0.9784247524773226,0.43846696996065004,-0.8747037483277567,0.2064947188547424,5.733990352633643,0.6958203066328155
31,6152.738678446712,6152.738678446715,959.5,539.5,1.915216181116944,84.68168266381842,-19.070093815386457,0.89439313613683,0.4472315185035242,-0.006699767783888616,-0.08634223190102225,0.1873293502395902,0.9784951372026145,0.4388689292051514,-0.8745808615536046,0.20616105253533923,5.102242006122507,0.7989838747878529
32,6162.037083506115,6162.0370835061185,959.5,539.5,1.915216181116944,84.68168266381842,-19.070093815386457,0.8942032427164273,0.44761112679493276,-0.006696259015100098,-0.08627354736872417,0.18699002962223032,0.9785660957984873,0.4392692064552707,-0.8744592660560288,0.20582409059414974,5.414237324888018,0.7468361021005648
33,6171.656080129635,6171.656080129639,959.5,539.5,1.915216181116944,84.68168266381842,-19.070093815386457,0.8940141656802163,0.4479887027189755,-0.0066928169911003865,-0.08620264478818465,0.18664807299010622,0.9786376249054614,0.43966780140764117,-0.8743389612074082,0.20548383225967348,7.088909281068268,0.5044224738534904
34,6181.595668317272,6181.595668317276,959.5,539.5,1.915216181116944,84.68168266381842,-19.070093815386457,0.89382590751409,0.44836424750341625,-0.006689440732161711,-0.08612952330284857,0.18630348086079102,0.9787097211302119,0.4400647137322395,-0.8742199463406496,0.20514027675694008,7.373498279853341,0.46884855506731116
35,6191.855848069026,6191.855848069031,959.5,539.5,1.915216181116944,84.68168266381842,-19.070093815386457,0.8936384706897659,0.4487377623718589,-0.006686129280359637,-0.08605418207132867,0.18595625373409108,0.9787823810455606,0.4404599430723425,-0.8741022207491979,0.20479342330755979,5.681138996993098,0.7040877867634624
36,6202.436619384898,6202.436619384902,959.5,539.5,1.915216181116944,84.68168266381842,-19.070093815386457,0.8934518576648068,0.4491092485437094,-0.006682881699573678,-0.08597662026742364,0.1856063920921004,0.978855601190464,0.4408534890444864,-0.8739857836870449,0.2044432711297801,5.917085023955558,0.6676714591267895
37,6213.337982264887,6213.337982264891,959.5,539.5,1.915216181116944,84.68168266381842,-19.070093815386457,0.8932660708826389,0.44947870723413874,-0.006679697075487795,-0.08589683708013596,0.18525389639925127,0.9789293780700038,0.44124535123842545,-0.8738706343687396,0.20408981943853954,5.6185782704998,0.7139576117943888
38,6224.5599367089935,6224.559936708997,959.5,539.5,1.915216181116944,84.68168266381842,-19.070093815386457,0.8930811127725693,0.4498461396540458,-0.006676574515590672,-0.08581483171369092,0.18489876710236824,0.9790037081553753,0.4416355292170914,-0.8737567719693948,0.2037330674455246,5.619061829599724,0.7138809744301892
39,6236.102482717216,6236.1024827172205,959.5,539.5,1.915216181116944,84.68168266381842,-19.070093815386457,0.8928969857498066,0.45021154701002253,-0.006673513149175858,-0.08573060338755681,0.18454100463072226,0.9790785878838784,0.44202402251655437,-0.8736441956246983,0.20337301435922767,8.84244647883146,0.30716467460955454
40,6247.965620289556,6247.965620289561,959.5,539.5,1.915216181116944,84.68168266381842,-19.070093815386457,0.8927136922154761,0.45057493050431835,-0.0066705121273423484,-0.08564415133646514,0.18418060939608605,0.979154013658905,0.4424108306459834,-0.8735329044309179,0.20300965938500548,9.159044665444856,0.27666674112136797
41,6260.149349426014,6260.1493494260185,959.5,539.5,1.915216181116944,84.68168266381842,-19.070093815386457,0.892531234556639,0.4509362913348062,-0.006667570622994778,-0.08555547481043274,0.18381758179279034,0.979229981849929,0.44279595308760816,-0.8734228974449099,0.2026430017251401,6.064858178939771,0.6454998783177076
42,6272.653670126589,6272.653670126594,959.5,539.5,1.915216181116944,84.68168266381842,-19.070093815386457,0.8923496151463091,0.45129563069494855,-0.00666468783084373,-0.08546457307478356,0.18345192219778128,0.9793064887924945,0.44317938929668077,-0.8733141736841259,0.20227304057889972,6.403297337595954,0.5965026098891131
43,6285.478582391282,6285.478582391286,959.5,539.5,1.915216181116944,84.68168266381842,-19.070093815386457,0.8921688363434697,0.4516529497737648,-0.0066618629674059515,-0.08537144541017175,0.1830836309706782,0.9793835307882048,0.44356113870143926,-0.8732067321266195,0.2018997751426012,8.217060654825953,0.3717513997135161
44,6298.62408622009,6298.624086220095,959.5,539.5,1.915216181116944,84.68168266381842,-19.070093815386457,0.8919889004930897,0.452008249755799,-0.006659095271004584,-0.08527609111260603,0.18271270845383297,0.9794611041047108,0.4439412007030701,-0.8731005717110509,0.20152320460967404,8.449379792016051,0.34706169324568104
45,6312.090181613017,6312.090181613022,959.5,539.5,1.915216181116944,84.68168266381842,-19.070093815386457,0.8918098099261408,0.45236153182108896,-0.006656384001769489,-0.08517850949347394,0.18233915497238995,0.9795392049756995,0.44431957467567335,-0.8729956913366945,0.20114332817072522,8.236391716290239,0.3696646242352176
46,6325.876868570061,6325.876868570065,959.5,539.5,1.915216181116944,84.68168266381842,-19.070093815386457,0.8916315669596122,0.45271279714513435,-0.006653728441637197,-0.08507869987956776,0.18196297083434732,0.9796178296008811,0.44469625996622575,-0.8728920898634418,0.20076014501360584,7.600911897576912,0.44147395776878606
47,6339.9841470912215,6339.984147091226,959.5,539.5,1.915216181116944,84.68168266381842,-19.070093815386457,0.8914541738965279,0.4530620468988685,-0.006651127894351766,-0.0849766616131104,0.1815841563306192,0.9796969741459798,0.4450712558945482,-0.8727897661118085,0.2003736543234783,10.92690472006609,0.13019721291237368
48,6354.4120171765,6354.412017176504,959.5,539.5,1.915216181116944,84.68168266381842,-19.070093815386457,0.8912776330259591,0.4534092822486272,-0.006648581685463478,-0.08487239405178315,0.1812027117350971,0.9797766347427183,0.44544456175326963,-0.8726887188629356,0.19998385528288415,9.80195063509962,0.21894320156509392
49,6369.160478825894,6369.160478825899,959.5,539.5,1.915216181116944,84.68168266381842,-19.070093815386457,0.8911019466230432,0.4537545043561218,-0.006646089162330976,-0.08476589656875294,0.1808186373047163,0.9798568074888091,0.44581617680779473,-0.8725889468585973,0.1995907470718155,7.949636700413954,0.4012374761133214
50,6384.229532039407,6384.229532039412,959.5,539.5,1.915216181116944,84.68168266381842,-19.070093815386457,0.8909271169489936,0.4540977143784103,-0.006643649694119624,-0.08465716855270178,0.18043193327951834,0.9799374884479393,0.44618610029627087,-0.8724904488012,0.1991943288677841,7.702090862082845,0.429586232424056
51,6399.6191768170365,6399.619176817042,959.5,539.5,1.915216181116944,84.68168266381842,-19.070093815386457,0.890753146251118,0.45443891346787074,-0.006641262671802678,-0.0845462094078559,0.18004259988271853,0.98001867364976,0.44655433142955603,-0.8723932233537883,0.19879459984589576,10.452624919333124,0.16582884049288898
52,6415.329413158784,6415.329413158788,959.5,539.5,1.915216181116944,84.68168266381842,-19.070093815386457,0.8905800367628296,0.45477810277217456,-0.006638927508160919,-0.08443301855401639,0.17965063732077208,0.9801003590898729,0.44692086939118686,-0.8722972691400461,0.19839155917892232,9.826389314037325,0.2168549465642165
53,6431.360241064647,6431.360241064653,959.5,539.5,1.915216181116944,84.68168266381842,-19.070093815386457,0.8904077907036625,0.4551152834342612,-0.006636643637782796,-0.08431759542659023,0.1792560457834413,0.9801825407298188,0.44728571333734857,-0.8722025847442996,0.19798520603737652,5.066129430854184,0.8051759884379268
54,6447.711660534629,6447.711660534634,959.5,539.5,1.915216181116944,84.68168266381842,-19.070093815386457,0.8902364102792836,0.45545045659231287,-0.006634410517064565,-0.08419993947662238,0.178858825443865,0.9802652144970637,0.44764886239684376,-0.872109168711518,0.19757553958958807,4.981027193563972,0.8198990967082178
55,6464.383671568728,6464.383671568732,959.5,539.5,1.915216181116944,84.68168266381842,-19.070093815386457,0.8900658976815057,0.45578362337973033,-0.006632227624210119,-0.08408005017082867,0.17845897645862802,0.9803483762849866,0.44801031567106364,-0.8720170195473153,0.1971625590017813,8.416506710557139,0.3505041895980133
56,6481.3762741669425,6481.376274166948,959.5,539.5,1.915216181116944,84.68168266381842,-19.070093815386457,0.8898962550883014,0.4561147849251096,-0.006630094459231045,-0.08395792699162932,0.17805649896783132,0.9804320219528672,0.44837007223395886,-0.8719261357179519,0.1967462634381521,8.450132854859325,0.3469830269497264
57,6498.689468329276,6498.68946832928,959.5,539.5,1.915216181116944,84.68168266381842,-19.070093815386457,0.8897274846638122,0.4564439423522182,-0.006628010543947099,-0.08383356943718348,0.17765139309516476,0.9805161473258704,0.4487281311320104,-0.8718365156503324,0.19632665206094946,9.758283511546294,0.22269326425220645
58,6516.323254055726,6516.323254055731,959.5,539.5,1.915216181116944,84.68168266381842,-19.070093815386457,0.8895595885583644,0.45677109677997474,-0.006625975421985342,-0.08370697702142471,0.17724365894797822,0.9806007481950377,0.4490844913842032,-0.8717481577320093,0.1959037240305549,7.779885112734908,0.420565706126511
59,6534.277631346293,6534.277631346298,959.5,539.5,1.915216181116944,84.68168266381842,-19.070093815386457,0.8893925689084767,0.45709624932242554,-0.006623988658780416,-0.08357814927409635,0.17683329661735525,0.9806858203172694,0.449439151981998,-0.8716610603111795,0.19547747850556352,4.8883458298177365,0.8361447039911472
60,6552.5526002009765,6552.552600200981,959.5,539.5,1.915216181116944,84.68168266381842,-19.070093815386457,0.8892264278368742,0.45741940108872525,-0.006622049841574967,-0.08344708574078907,0.17642030617818882,0.9807713594153143,0.4497921118893058,-0.8715752216966853,0.19504791464286964,4.985306372651938,0.8191543640408632
61,6571.148160619779,6571.148160619782,959.5,539.5,1.915216181116944,84.68168266381842,-19.070093815386457,0.8890611674524977,0.45774055318311657,-0.006620158579418667,-0.08331378598297859,0.1760046876892552,0.9808573611777559,0.45014337004246174,-0.8714906401580126,0.1946150315977498,7.27198106535528,0.4813676230810934
62,6590.064312602697,6590.064312602701,959.5,539.5,1.915216181116944,84.68168266381842,-19.070093815386457,0.8888967898505142,0.45805970670491025,-0.0066183145031687984,-0.0831782495780636,0.17558644119329103,0.9809438212589978,0.45049292535019975,-0.8714073139252889,0.19417882852394808,6.826836086387163,0.5385268751528918
63,6609.301056149734,6609.301056149737,959.5,539.5,1.915216181116944,84.68168266381842,-19.070093815386457,0.8887332971123273,0.45837686274846756,-0.0066165172654898685,-0.08304047611940549,0.1751655667170704,0.9810307352792521,0.45084077669362876,-0.8713252411892819,0.19373930457376343,4.790563103245766,0.8535265534807398
64,6628.8583912608865,6628.85839126089,959.5,539.5,1.915216181116944,84.68168266381842,-19.070093815386457,0.8885706913055873,0.4586920224031815,-0.0066147665408533285,-0.08290046521636862,0.1747420642714836,0.981118098824525,0.45118692292620854,-0.8712444201013972,0.19329645889813823,4.916017050824796,0.8312711314826497
65,6648.736317936156,6648.73631793616,959.5,539.5,1.915216181116944,84.68168266381842,-19.070093815386457,0.8884089744842,0.45900518675346025,-0.006613062025537381,-0.08275821649436085,0.17431593385161548,0.9812059074466033,0.45153136287372664,-0.8711648487736754,0.19285029064674664,9.619152583512626,0.23480368639623364
66,6668.934836175545,6668.934836175548,959.5,539.5,1.915216181116944,84.68168266381842,-19.070093815386457,0.8882481486883351,0.45931635687871014,-0.0066114034376272834,-0.0826137295948754,0.1738871754368268,0.9812941566630403,0.45187409533427614,-0.8710865252787877,0.1924007989680861,9.993529906357267,0.2027726695119512
67,6689.453945979049,6689.453945979052,959.5,539.5,1.915216181116944,84.68168266381842,-19.070093815386457,0.8880882159444363,0.4596255338533201,-0.006609790517014075,-0.08246700417553349,0.1734557889908333,0.9813828419571436,0.4522151190782334,-0.8710094476500344,0.19194798300956734,7.706146590783595,0.42911339849865593
68,6710.293647346672,6710.293647346674,959.5,539.5,1.915216181116944,84.68168266381842,-19.070093815386457,0.8879291782652288,0.45993271874664704,-0.006608223025395543,-0.08231803991012804,0.17302177446179134,0.9814719587779611,0.4525544328482379,-0.8709336138813398,0.19149184191761026,7.706146590783595,0.42911339849865593
69,6731.45394027841,6731.453940278413,959.5,539.5,1.915216181116944,84.68168266381842,-19.070093815386457,0.887771037649727,0.46023791262300023,-0.00660670074627509,-0.0821668364886668,0.1725851317823774,0.9815615025402658,0.4528920353591702,-0.8708590219272481,0.19103237483773544,9.883839302922054,0.21197541092998784
70,6752.934824774267,6752.934824774269,959.5,539.5,1.915216181116944,84.68168266381842,-19.070093815386457,0.8876137960832422,0.4605411165416292,-0.00660522348496162,-0.08201339361741869,0.1721458608698747,0.9816514686245441,0.4532279252981342,-0.8707856697029182,0.19056958091466114,9.84574882034724,0.21520602656430665
71,6774.73630083424,6774.736300834243,959.5,539.5,1.915216181116944,84.68168266381842,-19.070093815386457,0.8874574555373902,0.4608423315567094,-0.006603791068569259,-0.08185771101895814,0.1717039616262554,0.9817418523769813,0.4535621013244362,-0.8707135550841193,0.1901034592923983,4.503803187068458,0.9059681879059215
72,6796.858368458331,6796.858368458334,959.5,539.5,1.915216181116944,84.68168266381842,-19.070093815386457,0.8873020179700977,0.4611415587173304,-0.0066024033460171105,-0.08169978843221296,0.17125943393827048,0.9818326491094472,0.45389456206956724,-0.8706426759072255,0.1896340091143508,4.627380386425701,0.8830970654464334
73,6819.301027646539,6819.301027646541,959.5,539.5,1.915216181116944,84.68168266381842,-19.070093815386457,0.8871474853256089,0.46143879906748486,-0.006601060188028557,-0.08153962561251119,0.170812277677533,0.9819238540994841,0.4542253061371858,-0.8705730299692098,0.18916122952341258,6.451992070628425,0.5896516571808162
74,6842.064278398864,6842.064278398866,959.5,539.5,1.915216181116944,84.68168266381842,-19.070093815386457,0.8869938595344916,0.4617340536460568,-0.0065997614871311505,-0.08137722233162895,0.17036249270060844,0.9820154625902913,0.4545543321030999,-0.8705046150276377,0.1886851196620688,6.393583476243167,0.5978751579238915
75,6865.1481207153065,6865.148120715308,959.5,539.5,1.915216181116944,84.68168266381842,-19.070093815386457,0.8868411425136429,0.46202732348681175,-0.006598507157655975,-0.08121257837784016,0.16991007884910247,0.9821074697907124,0.4548816385152513,-0.8704374288006604,0.1882056786724976,7.49077019860562,0.4546176639896595
76,6888.552554595866,6888.552554595868,959.5,539.5,1.915216181116944,84.68168266381842,-19.070093815386457,0.8866893361662946,0.46231860961838717,-0.006597297135737146,-0.08104569355596575,0.16945503594975103,0.9821998708752211,0.4552072238936992,-0.8703714689670095,0.18772290569667233,7.494671052960232,0.4541485071912952
77,6912.277580040543,6912.277580040544,959.5,539.5,1.915216181116944,84.68168266381842,-19.070093815386457,0.886538442382018,0.46260791306428395,-0.006596131379311171,-0.08087656768742454,0.16899736381451047,0.9822926609839082,0.4555310867306058,-0.8703067331659877,0.18723679987646513,4.810128122189195,0.850028620713724
78,6936.323197049337,6936.323197049338,959.5,539.5,1.915216181116944,84.68168266381842,-19.070093815386457,0.8863884630367291,0.4628952348428579,-0.0065950098681171465,-0.0807052006102846,0.16853706224065157,0.9823858352224673,0.45585322549022167,-0.8702432189974629,0.18674736035375428,4.329111593999575,0.9390176203886577
79,6960.689405622248,6960.689405622248,959.5,539.5,1.915216181116944,84.68168266381842,-19.070093815386457,0.886239399992692,0.46318057596731244,-0.006593932603694869,-0.08053159217931558,0.1680741310108489,0.9824793886621808,0.45617363860887206,-0.8701809240218592,0.18625458627052793,6.287526709120105,0.6129891809317825
80,6985.376205759277,6985.376205759277,959.5,539.5,1.915216181116944,84.68168266381842,-19.070093815386457,0.8860912550985232,0.46346393744569214,-0.006592899609385472,-0.08035574226604159,0.1676085698932781,0.9825733163399073,0.45649232449494415,-0.8701198457601491,0.18575847676899415,6.203234843989684,0.6251709950066845
81,7010.383597460422,7010.383597460422,959.5,539.5,1.915216181116944,84.68168266381842,-19.070093815386457,0.8859440301891955,0.4637453202808762,-0.006591910930329903,-0.0801776507587949,0.16714037864170772,0.9826676132580677,0.45680928152887457,-0.8700599816938451,0.18525903099168828,5.69394116581436,0.7020792486136158
82,7035.711580725685,7035.711580725685,959.5,539.5,1.915216181116944,84.68168266381842,-19.070093815386457,0.8857977270860404,0.46402472547057383,-0.006590966633469059,-0.07999731756277106,0.16666955699559693,0.9827622743846312,0.4571245080631382,-0.8700013292649904,0.1847562480815842,5.171613626136777,0.7871809156085328
83,7061.360155555065,7061.360155555064,959.5,539.5,1.915216181116944,84.68168266381842,-19.070093815386457,0.885652347596751,0.4643021540073186,-0.006590066807541817,-0.07981474260008353,0.1661961046801903,0.9828572946531016,0.45743800242223653,-0.8699438858761497,0.18425012718220435,5.986980305336038,0.6571243752866864
84,7087.329321948562,7087.32932194856,959.5,539.5,1.915216181116944,84.68168266381842,-19.070093815386457,0.8855078935153854,0.4645776068784657,-0.006589211563085645,-0.07962992580982065,0.16572002140661724,0.9829526689625057,0.45774976290268876,-0.8698876488904004,0.18374066743773432,4.6611925205868205,0.8769114376727689
85,7113.619079906176,7113.619079906174,959.5,539.5,1.915216181116944,84.68168266381842,-19.070093815386457,0.8853643666223665,0.46485108506618744,-0.006588401032434743,-0.07944286714810236,0.1652413068719895,0.983048392177377,0.4580597877730209,-0.8698326156313209,0.18322786799313545,7.710800471396861,0.42857117730223127
86,7140.229429427908,7140.229429427905,959.5,539.5,1.915216181116944,84.68168266381842,-19.070093815386457,0.885221768684486,0.46512258954747193,-0.006587635369719902,-0.07925356658813781,0.16475996075950128,0.9831444591277455,0.4583680752737586,-0.8697787833829828,0.18271172799425983,6.970969301970352,0.519607615542544
87,7167.160370513756,7167.160370513753,959.5,539.5,1.915216181116944,84.68168266381842,-19.070093815386457,0.8850801014549045,0.4653921212941199,-0.00658691475086709,-0.07906202412028426,0.1642759827385294,0.9832408646091221,0.45867462361741745,-0.8697261493899385,0.18219224658796762,5.869373959079786,0.6749335719022039
88,7194.411903163722,7194.411903163719,959.5,539.5,1.915216181116944,84.68168266381842,-19.070093815386457,0.8849393666731521,0.46565968127274465,-0.006586239373596731,-0.07886823975210627,0.16378937246473468,0.9833376033824868,0.45897943098849725,-0.8696747108572114,0.18166942292224353,6.215189790862947,0.6234340577407567
89,7221.984027377805,7221.984027377802,959.5,539.5,1.915216181116944,84.68168266381842,-19.070093815386457,0.8847995660651296,0.46592527044477106,-0.006585609457422731,-0.07867221350843603,0.16330012958016504,0.9834346701742748,0.45928249554347467,-0.8696244649502846,0.18114325614631632,6.846993034836195,0.5358568159588312
90,7249.876743156005,7249.876743156002,959.5,539.5,1.915216181116944,84.68168266381842,-19.070093815386457,0.8846607013431078,0.46618888976643524,-0.0065850252436514545,-0.07847394543143435,0.16280825371335889,0.9835320596763641,0.45958381541079674,-0.8695754087950884,0.18061374541077885,5.755452402300285,0.6924813467478841
91,7278.090050498324,7278.090050498319,959.5,539.5,1.915216181116944,84.68168266381842,-19.070093815386457,0.8845227742057281,0.4664505401887865,-0.006584486995380445,-0.07827343558065233,0.1623137444794489,0.9836297665460628,0.45988338869087736,-0.8695275394779914,0.1800808898677092,9.858762824787949,0.21410021516567784
92,7306.623949404758,7306.623949404753,959.5,539.5,1.915216181116944,84.68168266381842,-19.070093815386457,0.8843857863380008,0.46671022265768813,-0.00658399499749765,-0.07807068403309389,0.16181660148026855,0.9837277854060953,0.4601812134560914,-0.8694808540457846,0.17954468867079343,11.356523286287288,0.1
93,7335.47843987531,7335.4784398753045,959.5,539.5,1.915216181116944,84.68168266381842,-19.070093815386457,0.8842497394113062,0.46696793811382004,-0.006583549556679641,-0.07786569088327938,0.16131682430445754,0.9838261108445917,0.460477287750772,-0.8694353495056736,0.179005140975449,4.062599554668269,0.9911049190880012
94,7364.653521909979,7364.653521909973,959.5,539.5,1.915216181116944,84.68168266381842,-19.070093815386457,0.8841146350833894,0.4672236874926811,-0.0065831510013911465,-0.0776584562433093,0.16081441252756967,0.9839247374150724,0.460771609591207,-0.8693910228252615,0.17846224593894988,4.018114091916832,1.0
95,7394.149195508766,7394.1491955087595,959.5,539.5,1.915216181116944,84.68168266381842,-19.070093815386457,0.8839804749983624,0.46747747172459364,-0.006582799681882995,-0.0774489802429297,0.16030936571218152,0.9840236596364381,0.46106417696563706,-0.8693478709325398,0.17791600272055313,7.53915246033241,0.4488177293091945
96,7423.965460671669,7423.965460671663,959.5,539.5,1.915216181116944,84.68168266381842,-19.070093815386457,0.8838472607866993,0.46772929173470695,-0.00658249597019131,-0.07723726302959749,0.15980168340800116,0.9841228719929567,0.4613549878342543,-0.8693058907158735,0.17736641048162616,7.095417481316147,0.50359217556125
97,7454.102317398689,7454.102317398682,959.5,539.5,1.915216181116944,84.68168266381842,-19.070093815386457,0.8837149940652358,0.46797914844300303,-0.0065822402601358465,-0.07702330476854727,0.15929136515197972,0.9842223689342517,0.46164404012920157,-0.8692650790239882,0.17681346838577572,8.858622192915668,0.3055717618903148
98,7484.559765689828,7484.559765689821,959.5,539.5,1.915216181116944,84.68168266381842,-19.070093815386457,0.8835836764371636,0.4682270427643014,-0.00658203296731838,-0.07680710564285823,0.1587784104684205,0.9843221448752886,0.4619313317545721,-0.8692254326659563,0.17625717559897686,10.0125843622337,0.2011891506016897
