frame,fx,fy,cx,cy,cam_x,cam_y,cam_z,r11,r12,r13,r21,r22,r23,r31,r32,r33,recon_error,confidence
0,5905.458851936962,5905.458851936962,959.4999999999854,539.4999999999918,1.915216181116944,84.68168266381842,-19.070093815386457,0.8999139308135523,0.4360122023590213,-0.00694813080886339,-0.08679269072663096,0.19470641508004904,0.9770140432783488,0.42734289038678597,-0.878625501178239,0.21306168758168575,7.406099573944417,0.46486771073654753
1,5938.7241128979595,5938.7241128979595,959.4999999999854,539.4999999999918,1.915216181116944,84.68168266381842,-19.070093815386457,0.899788101663582,0.43627114319785587,-0.006990115698868871,-0.08677890004152486,0.19463165726468545,0.9770301635558573,0.42761056419624466,-0.878513521582473,0.21298637934039677,5.581702774755754,0.7198179667791296
2,5968.666704552002,5968.666704552002,959.4999999999854,539.4999999999918,1.915216181116944,84.68168266381842,-19.070093815386457,0.8997113518166256,0.43643209105659525,-0.006820066588224427,-0.08691632949287603,0.19444762977561691,0.9770545895404874,0.42774412337259043,-0.8784743303993647,0.21287981527049893,6.3636837525238805,0.6021122680452416
3,6002.608515600525,6002.608515600525,959.4999999999854,539.4999999999918,1.915216181116944,84.68168266381842,-19.070093815386457,0.8996526981001505,0.43655342668928643,-0.0067917926176812304,-0.08686822242867567,0.19422025770785084,0.977104090375216,0.42787724259792304,-0.878464340278954,0.21265339904421993,6.86497836221656,0.5334810981515518
4,6033.042298325381,6033.042298325381,959.4999999999854,539.4999999999918,1.915216181116944,84.68168266381842,-19.070093815386457,0.8994942032892332,0.4368781102691786,-0.006906157882569708,-0.08678640599440152,0.19413212382269074,0.977128874936498,0.4282269234689039,-0.878322398250052,0.2125358010986258,6.574359178850512,0.572650868614222
5,6045.661385127893,6045.661385127893,959.4999999999854,539.4999999999918,1.915216181116944,84.68168266381842,-19.070093815386457,0.8993212939014249,0.43723380686048685,-0.006914367198333521,-0.08682368018768827,0.19403513913555615,0.9771448272079791,0.4285823828555403,-0.8781668195274358,0.2124621806038317,4.794936428368783,0.8527437936174834
6,6051.3462545861385,6051.3462545861385,959.4999999999854,539.4999999999918,1.915216181116944,84.68168266381842,-19.070093815386457,0.8992576346905827,0.437365672537277,-0.006853826428668358,-0.08684704808973834,0.19387724729346217,0.9771740905386351,0.4287112042958494,-0.8781360267452448,0.2123295124170856,4.468465839402891,0.9125851513406328
7,6077.128541351565,6077.128541351565,959.4999999999854,539.4999999999918,1.915216181116944,84.68168266381842,-19.070093815386457,0.8991535686802251,0.43758040478555493,-0.006800682122104884,-0.08688373888896686,0.19371860601059565,0.9772022910339423,0.42892199272861936,-0.8780640586158973,0.21220139754650214,4.599564915291294,0.8882087961237544
8,6092.47555065684,6092.47555065684,959.4999999999854,539.4999999999918,1.915216181116944,84.68168266381842,-19.070093815386457,0.8989402867623468,0.43801845670997885,-0.00679650035229129,-0.08696742984203418,0.19364510592952372,0.9772094141463308,0.4293518684975077,-0.8778618368120079,0.21216872645785217,4.711963729813301,0.8676809469746828
9,6062.803068806063,6062.803068806063,959.4999999999854,539.4999999999918,1.915216181116944,84.68168266381842,-19.070093815386457,0.8987265105162764,0.43845750831008923,-0.0067581581622134235,-0.0870761131709685,0.19354626715859136,0.9772193167268093,0.4297771629696885,-0.877664432386025,0.21212433692116195,5.771907143885592,0.6899285358762242
10,6039.663866807261,6039.663866807261,959.4999999999854,539.4999999999918,1.915216181116944,84.68168266381842,-19.070093815386457,0.8985327063563924,0.43885472924930047,-0.006745533587545316,-0.0871178298492088,0.19339034682087947,0.9772464671099429,0.43017375481335657,-0.8775002566221982,0.2119996233434273,5.223028575998001,0.7785105864096066
11,6040.03645928132,6040.03645928132,959.4999999999854,539.4999999999918,1.915216181116944,84.68168266381842,-19.070093815386457,0.898339779344067,0.43924968252663493,-0.006734779009277464,-0.08715119901634666,0.1932229758891819,0.9772765985628338,0.4305697497015629,-0.8773394998452877,0.2118610220242374,6.110150836569765,0.6388002911603758
12,6057.6248104374645,6057.6248104374645,959.4999999999854,539.4999999999918,1.915216181116944,84.68168266381842,-19.070093815386457,0.8981571380917223,0.4396265909888187,-0.006497367962271322,-0.08746964106065552,0.19314374244612387,0.9772638111823366,0.4308860837711138,-0.8771681453686377,0.21192741107024682,6.064611976663139,0.6455364182352195
13,6038.595852362365,6038.595852362365,959.4999999999854,539.4999999999918,1.915216181116944,84.68168266381842,-19.070093815386457,0.8979736378187568,0.4400033912400682,-0.006353068533226258,-0.0876799755456164,0.19305062054747174,0.9772633625561516,0.43122565748209896,-0.8769996998879052,0.21193385460009911,4.908026579499173,0.8326764085390372
14,6033.908002371133,6033.908002371133,959.4999999999854,539.4999999999918,1.915216181116944,84.68168266381842,-19.070093815386457,0.8977792641647298,0.44039944303723383,-0.00638148950719436,-0.0876621109016899,0.1928655136060194,0.9773015133385122,0.431633811405103,-0.8768416186712288,0.21175700370453726,4.620566836882501,0.8843472759924391
15,6033.67940970945,6033.67940970945,959.4999999999854,539.4999999999918,1.915216181116944,84.68168266381842,-19.070093815386457,0.8976845771492332,0.4405917950524484,-0.006424179392250873,-0.08758029231230124,0.19269107377098077,0.9773432572476666,0.4318473021183464,-0.8767833371029858,0.21156296327962948,5.47140780851379,0.7375374738707351
16,6045.198644426978,6045.198644426978,959.4999999999854,539.4999999999918,1.915216181116944,84.68168266381842,-19.070093815386457,0.8975597024302726,0.4408448398497774,-0.006512123394453673,-0.08751565681187012,0.19261932748767713,0.9773631896541746,0.4321198796469186,-0.8766719009161974,0.21146817197373574,5.9893804391032965,0.6567641232129837
17,6064.281035703831,6064.281035703831,959.4999999999854,539.4999999999918,1.915216181116944,84.68168266381842,-19.070093815386457,0.8973944714444659,0.4411801489156974,-0.006575623440465389,-0.08747463142486706,0.19249779197863387,0.977390806658439,0.4324712146235763,-0.8765299060990867,0.21133852520526147,8.39704582134163,0.3525500161536539
18,6087.066111222818,6087.066111222818,959.4999999999854,539.4999999999918,1.915216181116944,84.68168266381842,-19.070093815386457,0.8972493357268465,0.44146826671866596,-0.007028443508325266,-0.08699333322564112,0.1923688140305565,0.9774591548309166,0.43286925221367417,-0.8764131496439873,0.21100758663868113,8.836743609040646,0.30772717319291976
19,6122.75457907395,6122.75457907395,959.4999999999854,539.4999999999918,1.915216181116944,84.68168266381842,-19.070093815386457,0.8971652569892332,0.44163846612029334,-0.007068726501826661,-0.08686644443619021,0.19211049932993096,0.9775212411391472,0.433068958114591,-0.8763840603811317,0.21071842877979008,7.400586567922705,0.46553954522197627
20,6126.574219761629,6126.574219761629,959.4999999999854,539.4999999999918,1.915216181116944,84.68168266381842,-19.070093815386457,0.8968797993159285,0.44221715441637366,-0.007114345992815657,-0.08696989421520984,0.19211352403751364,0.9775114482102414,0.4336390931168632,-0.8760915375814182,0.2107623180243841,7.792558054272531,0.4191059951148084
21,6118.714754816554,6118.714754816554,959.4999999999854,539.4999999999918,1.915216181116944,84.68168266381842,-19.070093815386457,0.8966444369442972,0.4426928174130112,-0.007198826833222455,-0.08694971804980106,0.1920069108815216,0.9775341900439063,0.43412958921030076,-0.8758746574622798,0.2106539441535092,6.991294710813452,0.51697181259633
22,6106.38553319528,6106.38553319528,959.4999999999854,539.4999999999918,1.915216181116944,84.68168266381842,-19.070093815386457,0.8964189715303575,0.4431475170786746,-0.007301067556342383,-0.08690837646397517,0.19190794500032926,0.9775572999810023,0.4346032231597604,-0.8756663855331874,0.21054315392904877,6.795897313909434,0.5426405801206938
23,6094.717703012848,6094.717703012848,959.4999999999854,539.4999999999918,1.915216181116944,84.68168266381842,-19.070093815386457,0.8961819877750832,0.44362548719615535,-0.007366946278774766,-0.08685561745707215,0.19169411605018355,0.9776039420889674,0.4351022253489992,-0.8754711834102321,0.21032417957675748,7.193883224484626,0.4911267894209316
24,6092.3859922958,6092.3859922958,959.4999999999854,539.4999999999918,1.915216181116944,84.68168266381842,-19.070093815386457,0.8959573459751993,0.444081307758321,-0.007226776095658888,-0.08702539590318148,0.19148779548889566,0.9776292777155857,0.4355307275738096,-0.8752852199588788,0.21021124865374313,6.773419565809698,0.5456410594035608
25,6060.4847096055,6060.4847096055,959.4999999999854,539.4999999999918,1.915216181116944,84.68168266381842,-19.070093815386457,0.8957351828147448,0.44453331748772706,-0.006972224264318844,-0.0872938756244678,0.19123117704264964,0.9776555713569801,0.4359337811483486,-0.8751118594615428,0.21009752945588217,4.500333200120848,0.9066164240012127
26,6048.268051653109,6048.268051653109,959.4999999999854,539.4999999999918,1.915216181116944,84.68168266381842,-19.070093815386457,0.8955310321720733,0.4449419922007404,-0.007126990476865741,-0.0870768050144585,0.19091993111187838,0.9777357567015279,0.4363963799635545,-0.8749721158303685,0.2097188500684502,4.1295232015534165,0.9778324977700482
27,6051.718660500699,6051.718660500699,959.4999999999854,539.4999999999918,1.915216181116944,84.68168266381842,-19.070093815386457,0.8955389233370263,0.44492273443647723,-0.007334655406190965,-0.08658389151727533,0.19039636124254183,0.977881616227304,0.43647825434732057,-0.8750959867392648,0.20903049412645086,6.605749302785655,0.5683388993560049
28,6040.734965463779,6040.734965463779,959.4999999999854,539.4999999999918,1.915216181116944,84.68168266381842,-19.070093815386457,0.8953441338909303,0.4453108270729338,-0.00755970890441629,-0.08629341623165562,0.19010413201518556,0.9779641431595655,0.4369351533376207,-0.8749621056265079,0.20863601198129095,7.215257132425496,0.4884447255688915
29,6024.678158289514,6024.678158289514,959.4999999999854,539.4999999999918,1.915216181116944,84.68168266381842,-19.070093815386457,0.8951116609086457,0.4457766660713911,-0.007634035082529689,-0.08616811449350137,0.18977321618421983,0.9780394585412862,0.4374359045048779,-0.8747967137600443,0.20827995353520345,5.841552726509415,0.6791918570212402
30,6059.552726054667,6059.552726054667,959.4999999999854,539.4999999999918,1.915216181116944,84.68168266381842,-19.070093815386457,0.8949187930604345,0.44616356347030567,-0.007643851040795152,-0.08608464539507649,0.18942677380560297,0.9781139663622053,0.43784676275434453,-0.8746745520461195,0.20792941193698705,5.733990352633643,0.6958203066328155
31,6078.366298518805,6078.366298518805,959.4999999999854,539.4999999999918,1.915216181116944,84.68168266381842,-19.070093815386457,0.8947339956478007,0.4465353069143115,-0.007569459099777492,-0.08603390471917866,0.18897039866881887,0.9782067039566428,0.43823423448070875,-0.8745835626776263,0.20749541590892523,5.102242006122507,0.7989838747878529
32,6101.933895309361,6101.933895309361,959.4999999999854,539.4999999999918,1.915216181116944,84.68168266381842,-19.070093815386457,0.8945219886128802,0.44696229875458604,-0.007423973334713618,-0.08602414869712471,0.1884129330958605,0.9783150885492617,0.43866873347549323,-0.8744857175130027,0.20698906284336782,5.414237324888018,0.7468361021005648
33,6096.274956955095,6096.274956955095,959.4999999999854,539.4999999999918,1.915216181116944,84.68168266381842,-19.070093815386457,0.8942750118172624,0.4474554791664329,-0.007469765938318246,-0.0858592617983426,0.1879301579320632,0.9784224255928896,0.43920426956335357,-0.8743373776200855,0.2064794413343694,7.088909281068268,0.5044224738534904
34,6117.173910912245,6117.173910912245,959.4999999999854,539.4999999999918,1.915216181116944,84.68168266381842,-19.070093815386457,0.8941108303325664,0.4477839094310585,-0.007442683430483432,-0.08582048241848483,0.18762525901952837,0.978484341711871,0.4395459792552621,-0.8742347125529234,0.20618680725992183,7.373498279853341,0.46884855506731116
35,6139.837621636813,6139.837621636813,959.4999999999854,539.4999999999918,1.915216181116944,84.68168266381842,-19.070093815386457,0.8940073491519849,0.44799406030634636,-0.007223682750172933,-0.0858801506867779,0.1871595188970978,0.9785682981806756,0.43974476617721986,-0.8742268792575765,0.20579578276364563,5.681138996993098,0.7040877867634624
36,6164.99303018326,6164.99303018326,959.4999999999854,539.4999999999918,1.915216181116944,84.68168266381842,-19.070093815386457,0.8939316607878496,0.4481525149464534,-0.006746049825345851,-0.08620372862558351,0.1866822856454085,0.9786310036971304,0.4398353135119143,-0.8742477037850171,0.20551362342798857,5.917085023955558,0.6676714591267895
37,6198.2950567345115,6198.2950567345115,959.4999999999854,539.4999999999918,1.915216181116944,84.68168266381842,-19.070093815386457,0.893714370347702,0.44858694577308394,-0.006661555072699693,-0.08617451395666448,0.1862185519750466,0.9787219237580455,0.44028238367931893,-0.8741237915663279,0.20508295794473969,5.6185782704998,0.7139576117943888
38,6222.651785789725,6222.651785789725,959.4999999999854,539.4999999999918,1.915216181116944,84.68168266381842,-19.070093815386457,0.8934719225912879,0.44907109474944173,-0.006563185321571102,-0.08617882255395504,0.1857666941278469,0.9788074100128302,0.44077333640346406,-0.8739713308875462,0.20467774354435758,5.619061829599724,0.7138809744301892
39,6235.053004587147,6235.053004587147,959.4999999999854,539.4999999999918,1.915216181116944,84.68168266381842,-19.070093815386457,0.8932989503238579,0.4494172781438924,-0.006410573767580835,-0.08615654334092265,0.18521528499090745,0.9789138615043109,0.4411281394219122,-0.8739104120626282,0.20417285886887548,8.84244647883146,0.30716467460955454
40,6218.011082013461,6218.011082013461,959.4999999999854,539.4999999999918,1.915216181116944,84.68168266381842,-19.070093815386457,0.8932467018718049,0.4495229165959189,-0.006283076494983081,-0.08608975607703584,0.18475268873127854,0.9790071490572274,0.4412469642884127,-0.8739539984814202,0.2037290481119431,9.159044665444856,0.27666674112136797
41,6250.64790128882,6250.64790128882,959.4999999999854,539.4999999999918,1.915216181116944,84.68168266381842,-19.070093815386457,0.8931477238888131,0.4497215517507846,-0.006137524183158244,-0.08608952433886236,0.1843358957360085,0.9790857323760324,0.44144732087910654,-0.8739398168261187,0.2033555001827816,6.064858178939771,0.6454998783177076
42,6245.9865569648255,6245.9865569648255,959.4999999999854,539.4999999999918,1.915216181116944,84.68168266381842,-19.070093815386457,0.8929098467169543,0.4501955236199904,-0.005999679027099775,-0.08614731955535701,0.1839121742670134,0.9791603298182618,0.4419170114052329,-0.8737850437429693,0.20300012896982328,6.403297337595954,0.5965026098891131
43,6251.152416039246,6251.152416039246,959.4999999999854,539.4999999999918,1.915216181116944,84.68168266381842,-19.070093815386457,0.8926399213525866,0.45072888468444927,-0.0061190946030064974,-0.0858793422625804,0.18337335190529763,0.9792849188992766,0.44251407817175115,-0.8736233091682756,0.20239467457835197,8.217060654825953,0.3717513997135161
44,6263.596029372646,6263.596029372646,959.4999999999854,539.4999999999918,1.915216181116944,84.68168266381842,-19.070093815386457,0.8924319832794099,0.4511389152824008,-0.006231720292053877,-0.08557683733660615,0.1828149803095246,0.9794157890732069,0.44299182851542945,-0.8735286841840098,0.20175697702015027,8.449379792016051,0.34706169324568104
45,6249.641795695807,6249.641795695807,959.4999999999854,539.4999999999918,1.915216181116944,84.68168266381842,-19.070093815386457,0.8922638086167047,0.4514715152034595,-0.006226298475422942,-0.08541894144384596,0.18232605055748635,0.9795207071474915,0.4433609142396581,-0.8734590329534645,0.20124715520119335,8.236391716290239,0.3696646242352176
46,6255.543399553581,6255.543399553581,959.4999999999854,539.4999999999918,1.915216181116944,84.68168266381842,-19.070093815386457,0.8917937636109614,0.4524100799818253,-0.005385416923105207,-0.08641547984000247,0.1820025024706331,0.9794934680427685,0.444112877575757,-0.8730407829106646,0.2014039308109825,7.600911897576912,0.44147395776878606
47,6286.406603771382,6286.406603771382,959.4999999999854,539.4999999999918,1.915216181116944,84.68168266381842,-19.070093815386457,0.8916391784024511,0.4527131309843345,-0.00551330864027702,-0.08604051485491085,0.1813911400836808,0.9796398747002107,0.4444959002525265,-0.8730109250940125,0.20068711798516786,10.92690472006609,0.13019721291237368
48,6324.0767739701405,6324.0767739701405,959.4999999999854,539.4999999999918,1.915216181116944,84.68168266381842,-19.070093815386457,0.8914780426200721,0.4530287483992482,-0.005643815207435621,-0.08566932617317327,0.18078773802812448,0.9797839355346202,0.44489062260213963,-0.872972363195127,0.1999789664394624,9.80195063509962,0.21894320156509392
49,6370.3207624272745,6370.3207624272745,959.4999999999854,539.4999999999918,1.915216181116944,84.68168266381842,-19.070093815386457,0.8913181518726198,0.4533405523857409,-0.005856253492545871,-0.08523884854749683,0.1802477146727186,0.9799209662281746,0.4452934884328251,-0.8729221642952215,0.1993002866065975,7.949636700413954,0.4012374761133214
50,6413.207204961191,6413.207204961191,959.4999999999854,539.4999999999918,1.915216181116944,84.68168266381842,-19.070093815386457,0.8909897039261072,0.45398119458688235,-0.006198585252710415,-0.0848681373002895,0.17994424942171255,0.9800089113733793,0.4460210160618523,-0.8726517874052192,0.19885701186940624,7.702090862082845,0.429586232424056
51,6448.582310496208,6448.582310496208,959.4999999999854,539.4999999999918,1.915216181116944,84.68168266381842,-19.070093815386457,0.8908732494516408,0.45420705206004935,-0.006388056855893831,-0.08441752512074724,0.17936005145022782,0.9801549129582832,0.44633903578329615,-0.8726545283230307,0.19813010708457768,10.452624919333124,0.16582884049288898
52,6498.298569916626,6498.298569916626,959.4999999999854,539.4999999999918,1.915216181116944,84.68168266381842,-19.070093815386457,0.8906757948263784,0.45459065148601274,-0.006630843982626117,-0.08401177039690391,0.17890225044111824,0.980273434926134,0.4468094123283185,-0.8725487518578123,0.19753486954509264,9.826389314037325,0.2168549465642165
53,6504.391035603271,6504.391035603271,959.4999999999854,539.4999999999918,1.915216181116944,84.68168266381842,-19.070093815386457,0.8904549857562165,0.45501970976095873,-0.006854346865246996,-0.08362017496118121,0.17840981108557058,0.9803966573014581,0.44732268518526724,-0.8724259298286955,0.1969147335299682,5.066129430854184,0.8051759884379268
54,6529.060075700182,6529.060075700182,959.4999999999854,539.4999999999918,1.915216181116944,84.68168266381842,-19.070093815386457,0.8902693635592188,0.4553824567075484,-0.006875931272292413,-0.08344355838119435,0.17793632047873587,0.9804977503386597,0.4477249522558997,-0.8723333559926999,0.1964099873987214,4.981027193563972,0.8198990967082178
55,6529.334009555234,6529.334009555234,959.4999999999854,539.4999999999918,1.915216181116944,84.68168266381842,-19.070093815386457,0.8900768999953581,0.4557553800710037,-0.007081357990420811,-0.0830479196208703,0.17742671993852405,0.9806236801640588,0.4481809401807478,-0.8722423932532698,0.1957729610301419,8.416506710557139,0.3505041895980133
56,6566.730560197054,6566.730560197054,959.4999999999854,539.4999999999918,1.915216181116944,84.68168266381842,-19.070093815386457,0.8898498563028305,0.4561911118806189,-0.007543386438273431,-0.08237839987993736,0.1769056096423905,0.980774288259167,0.44875498044150286,-0.8721204473684694,0.19499972515562064,8.450132854859325,0.3469830269497264
57,6574.710547833028,6574.710547833028,959.4999999999854,539.4999999999918,1.915216181116944,84.68168266381842,-19.070093815386457,0.8896306289017448,0.4566166909354015,-0.007651253432627597,-0.08209101029285032,0.1763749484508108,0.9808939512445132,0.4492420396055844,-0.8720052036072825,0.19439268178827296,9.758283511546294,0.22269326425220645
58,6582.032298070363,6582.032298070363,959.4999999999854,539.4999999999918,1.915216181116944,84.68168266381842,-19.070093815386457,0.8891660149696969,0.45751751877684577,-0.007843330618261868,-0.08194766633937253,0.17607864985609667,0.9809591678792676,0.4501870475751603,-0.8715928115107036,0.19405564438693257,7.779885112734908,0.420565706126511
59,6582.691873851869,6582.691873851869,959.4999999999854,539.4999999999918,1.915216181116944,84.68168266381842,-19.070093815386457,0.8888859511694109,0.45806147024642185,-0.007839342404724142,-0.08180986257240527,0.17554532955372043,0.9810662483531682,0.4507648080757152,-0.8714146698028227,0.19351372316428012,4.8883458298177365,0.8361447039911472
60,6584.80235730475,6584.80235730475,959.4999999999854,539.4999999999918,1.915216181116944,84.68168266381842,-19.070093815386457,0.8886633033776274,0.45849309610032324,-0.007849462293870596,-0.08168495670388926,0.17512137711211462,0.9811524199259972,0.4512262194046872,-0.8712729676207661,0.19307593018047808,4.985306372651938,0.8191543640408632
61,6612.847388004572,6612.847388004572,959.4999999999854,539.4999999999918,1.915216181116944,84.68168266381842,-19.070093815386457,0.8883437939385422,0.4591118707543277,-0.007848178345232798,-0.08158708333039255,0.1746379988744292,0.9812467157564272,0.4518726055034944,-0.8710441202841545,0.192596180943151,7.27198106535528,0.4813676230810934
62,6595.329384132756,6595.329384132756,959.4999999999854,539.4999999999918,1.915216181116944,84.68168266381842,-19.070093815386457,0.8881152986224894,0.4595545996430266,-0.007796556908275881,-0.08149780521674344,0.17414803435164605,0.9813412097106244,0.4523376218020564,-0.8709087392364343,0.19211622478089752,6.826836086387163,0.5385268751528918
63,6579.449397319205,6579.449397319205,959.4999999999854,539.4999999999918,1.915216181116944,84.68168266381842,-19.070093815386457,0.8879765411345887,0.4598240138334048,-0.007716132242824497,-0.08141868439179684,0.1736984224441711,0.9814274582832474,0.4526241931520685,-0.870856322445065,0.1916783906205809,4.790563103245766,0.8535265534807398
64,6572.989861707957,6572.989861707957,959.4999999999854,539.4999999999918,1.915216181116944,84.68168266381842,-19.070093815386457,0.8878675075573634,0.46003613844453695,-0.007618421681328313,-0.08135926899722715,0.1732772225840481,0.9815068382246736,0.4528487146632002,-0.8708282008861435,0.19127541966831585,4.916017050824796,0.8312711314826497
65,6569.646828841736,6569.646828841736,959.4999999999854,539.4999999999918,1.915216181116944,84.68168266381842,-19.070093815386457,0.8876614166301521,0.4604364184006293,-0.007450774225041257,-0.08138089307946261,0.17277588526309995,0.9815934207772288,0.453248673100916,-0.8707162557813843,0.1908372140079242,9.619152583512626,0.23480368639623364
66,6594.2611191407395,6594.2611191407395,959.4999999999854,539.4999999999918,1.915216181116944,84.68168266381842,-19.070093815386457,0.8874450020449871,0.460856728065301,-0.007241860418279428,-0.08148051880778051,0.17232807311284098,0.9816638733660469,0.4536543765910206,-0.8705826275628067,0.19048253249485086,9.993529906357267,0.2027726695119512
67,6644.308157007824,6644.308157007824,959.4999999999854,539.4999999999918,1.915216181116944,84.68168266381842,-19.070093815386457,0.887281751067934,0.46116819021732225,-0.007415831275086604,-0.08110936845021566,0.1718409442498005,0.9817799958386524,0.4540400473211895,-0.8705139804799329,0.18987639457698618,7.706146590783595,0.42911339849865593
68,6688.55091719464,6688.55091719464,959.4999999999854,539.4999999999918,1.915216181116944,84.68168266381842,-19.070093815386457,0.8871171163644822,0.46148646351041933,-0.007312034587749261,-0.081086254601313,0.17142941320875277,0.9818538463547587,0.45436575703710014,-0.8704264473713729,0.18949817558106935,7.706146590783595,0.42911339849865593
69,6748.080660212013,6748.080660212013,959.4999999999854,539.4999999999918,1.915216181116944,84.68168266381842,-19.070093815386457,0.8869740040564653,0.46176378682528885,-0.0071638889446336285,-0.08111184188878176,0.1710365019474096,0.981920253435585,0.4546405010922928,-0.8703566626265139,0.18915944223904324,9.883839302922054,0.21197541092998784
70,6801.622990170046,6801.622990170046,959.4999999999854,539.4999999999918,1.915216181116944,84.68168266381842,-19.070093815386457,0.8868528714002838,0.46200045548221674,-0.006896638550472872,-0.08131315930834887,0.17074656554999124,0.9819540623044327,0.45484080139359384,-0.8702879922687126,0.18899379857690168,9.84574882034724,0.21520602656430665
71,6839.24737091793,6839.24737091793,959.4999999999854,539.4999999999918,1.915216181116944,84.68168266381842,-19.070093815386457,0.886612116235367,0.46246672358196106,-0.006594309972238699,-0.08155116808461071,0.17034715461279115,0.982003693424501,0.4552673525838192,-0.8701185990970953,0.18874655275429175,4.503803187068458,0.9059681879059215
72,6869.279188185582,6869.279188185582,959.4999999999854,539.4999999999918,1.915216181116944,84.68168266381842,-19.070093815386457,0.8863633114180038,0.46294756048279934,-0.006295745796612517,-0.08174198232439361,0.16985935028649596,0.9820723239384805,0.4557173778755746,-0.8699582503564607,0.1883993475013554,4.627380386425701,0.8830970654464334
73,6878.599330794963,6878.599330794963,959.4999999999854,539.4999999999918,1.915216181116944,84.68168266381842,-19.070093815386457,0.8862266372454961,0.46321302474752785,-0.006003427419921853,-0.08188844582086624,0.16939922143433922,0.9821395960954241,0.45595682896254897,-0.8699066602122817,0.18805789704431713,6.451992070628425,0.5896516571808162
74,6899.837807130161,6899.837807130161,959.4999999999854,539.4999999999918,1.915216181116944,84.68168266381842,-19.070093815386457,0.8861451447579083,0.4633713325922778,-0.005812964273252952,-0.08194669876660365,0.16903537674317387,0.9821974241314974,0.4561047258944386,-0.8698931253556091,0.1877616294023065,6.393583476243167,0.5978751579238915
75,6923.77700447216,6923.77700447216,959.4999999999854,539.4999999999918,1.915216181116944,84.68168266381842,-19.070093815386457,0.8860113409524011,0.46363107568786244,-0.00548902179302066,-0.08216497096456835,0.16864845404233103,0.9822457006755101,0.4563253458335623,-0.8698298250839918,0.18751867678775985,7.49077019860562,0.4546176639896595
76,6970.496491687498,6970.496491687498,959.4999999999854,539.4999999999918,1.915216181116944,84.68168266381842,-19.070093815386457,0.8859372404292953,0.4637777723306524,-0.00503824498639846,-0.08253614566172932,0.16833655477011372,0.9822680840724872,0.4564022246657341,-0.8698120384428732,0.1874140525681645,7.494671052960232,0.4541485071912952
77,6984.429112207272,6984.429112207272,959.4999999999854,539.4999999999918,1.915216181116944,84.68168266381842,-19.070093815386457,0.8861515028341683,0.4633596405563444,-0.005775597652222159,-0.08134790399923206,0.16781961374247645,0.9824556456951417,0.45619955341898,-0.8701347141373119,0.1864069384800413,4.810128122189195,0.850028620713724
78,7015.625840588086,7015.625840588086,959.4999999999854,539.4999999999918,1.915216181116944,84.68168266381842,-19.070093815386457,0.8861044225266472,0.4634482680310317,-0.005886869945452594,-0.08105667679383863,0.1674594064847733,0.9825411758938691,0.4563428179843053,-0.8701569111595937,0.18595209715230077,4.329111593999575,0.9390176203886577
79,7010.454031311912,7010.454031311912,959.4999999999854,539.4999999999918,1.915216181116944,84.68168266381842,-19.070093815386457,0.8860578211169104,0.46353620795465156,-0.005976751004978381,-0.08079260538822478,0.16710628387525495,0.9826230430862009,0.45648011189112725,-0.870177955250778,0.1855161277178865,6.287526709120105,0.6129891809317825
80,7015.049141570791,7015.049141570791,959.4999999999854,539.4999999999918,1.915216181116944,84.68168266381842,-19.070093815386457,0.8860566733125296,0.46353830423349485,-0.005984328422609209,-0.08063364140165388,0.16681833040192795,0.9826850260974893,0.4565104462689141,-0.870232086945919,0.18518727628297704,6.203234843989684,0.6251709950066845
81,7048.565384986851,7048.565384986851,959.4999999999854,539.4999999999918,1.915216181116944,84.68168266381842,-19.070093815386457,0.8861422616296203,0.46337339132051003,-0.006082135321693383,-0.08024305820144628,0.16635452628440028,0.9827956161863831,0.4564131283874525,-0.8704086809084699,0.18459627416271573,5.69394116581436,0.7020792486136158
82,7072.467329317815,7072.467329317815,959.4999999999854,539.4999999999918,1.915216181116944,84.68168266381842,-19.070093815386457,0.8860553038133424,0.46353851490608566,-0.006167964243283308,-0.08004540536887286,0.1660851948276133,0.982857284216995,0.45661661343360976,-0.8703721923738917,0.18426479609162194,5.171613626136777,0.7871809156085328
83,7056.27454650445,7056.27454650445,959.4999999999854,539.4999999999918,1.915216181116944,84.68168266381842,-19.070093815386457,0.886001408473257,0.46364133209845804,-0.006182180308942187,-0.07987015742926531,0.16573528046438718,0.9829306052624547,0.456751860571612,-0.8703841289794745,0.1838727981105755,5.986980305336038,0.6571243752866864
84,7074.186712091838,7074.186712091838,959.4999999999854,539.4999999999918,1.915216181116944,84.68168266381842,-19.070093815386457,0.8859273645320378,0.4637825804105861,-0.006198619283037998,-0.07971058871760767,0.1654030031455062,0.9829995262444129,0.4569233270687876,-0.8703720840296671,0.18350342918388168,4.6611925205868205,0.8769114376727689
85,7110.178548152686,7110.178548152686,959.4999999999854,539.4999999999918,1.915216181116944,84.68168266381842,-19.070093815386457,0.8857943907684825,0.4640350858016948,-0.006303683693460488,-0.07947690604630137,0.16506766961497055,0.9830748119310101,0.4572217390811605,-0.8703011568376186,0.1830960887586146,7.710800471396861,0.42857117730223127
86,7157.308122052913,7157.308122052913,959.4999999999854,539.4999999999918,1.915216181116944,84.68168266381842,-19.070093815386457,0.885627410488613,0.46435238899168774,-0.006399111574761668,-0.07926639059884702,0.16472784241147315,0.9831488072799011,0.4575816092378112,-0.8701962978386966,0.18269503035157214,6.970969301970352,0.519607615542544
87,7161.407745972616,7161.407745972616,959.4999999999854,539.4999999999918,1.915216181116944,84.68168266381842,-19.070093815386457,0.8854810461876781,0.46462932325390294,-0.006550482042992134,-0.07899691211538448,0.16441247039858609,0.9832232846376597,0.4579113502836653,-0.8701081148627764,0.18228840811015978,5.869373959079786,0.6749335719022039
88,7161.121533622056,7161.121533622056,959.4999999999854,539.4999999999918,1.915216181116944,84.68168266381842,-19.070093815386457,0.8853263976480061,0.4649210231981942,-0.006753652045324882,-0.07869547720814213,0.16413971084103451,0.983293027124674,0.4582621427682937,-0.8700037916660859,0.18190440069455793,6.215189790862947,0.6234340577407567
89,7171.39061277493,7171.39061277493,959.4999999999854,539.4999999999918,1.915216181116944,84.68168266381842,-19.070093815386457,0.8851721806926713,0.4652133058129745,-0.006840367120592439,-0.07852552455224329,0.16387126797159463,0.9833513865995089,0.4585890889691725,-0.869898147847175,0.18158540649093652,6.846993034836195,0.5358568159588312
90,7182.342867973782,7182.342867973782,959.4999999999854,539.4999999999918,1.915216181116944,84.68168266381842,-19.070093815386457,0.8850056693324979,0.46552748726623566,-0.007008840768769786,-0.07828974675040218,0.16364108567673258,0.9834085166563781,0.45895063002799663,-0.869773392141956,0.18126931764305804,5.755452402300285,0.6924813467478841
91,7192.926404696683,7192.926404696683,959.4999999999854,539.4999999999918,1.915216181116944,84.68168266381842,-19.070093815386457,0.8847856174677687,0.4659434126068561,-0.007151738981290734,-0.07805229380373149,0.16330986698046412,0.9834824486378999,0.45941511789900363,-0.869612915954622,0.18086217363159263,9.858762824787949,0.21410021516567784
92,7222.952359516323,7222.952359516323,959.4999999999854,539.4999999999918,1.915216181116944,84.68168266381842,-19.070093815386457,0.8846336435559159,0.4662298577036581,-0.007282614545020466,-0.0778190500750181,0.16301864538511007,0.9835492446757435,0.4597472263477034,-0.8695140257882161,0.1804933428776892,11.356523286287288,0.1
93,7250.551042366084,7250.551042366084,959.4999999999854,539.4999999999918,1.915216181116944,84.68168266381842,-19.070093815386457,0.8844157914284394,0.4666409234471067,-0.007413260850594683,-0.07762975234407996,0.1627562333360753,0.983607660635708,0.4601981414814757,-0.8693426580323116,0.1801694022366484,4.062599554668269,0.9911049190880012
94,7303.126575370254,7303.126575370254,959.4999999999854,539.4999999999918,1.915216181116944,84.68168266381842,-19.070093815386457,0.884199889910892,0.4670480093754289,-0.007530711786795041,-0.07747005311302249,0.1625243236229657,0.9836585968218664,0.4606397133902286,-0.8691674183776948,0.17988622314791441,4.018114091916832,1.0
95,7359.832906481895,7359.832906481895,959.4999999999854,539.4999999999918,1.915216181116944,84.68168266381842,-19.070093815386457,0.8840076680713768,0.46740994946022785,-0.0076408073260476606,-0.0773331452411434,0.16234004882103292,0.9836997983103875,0.46103148204663724,-0.8690072771239443,0.179656129501638,7.53915246033241,0.4488177293091945
96,7412.4280757401075,7412.4280757401075,959.4999999999854,539.4999999999918,1.915216181116944,84.68168266381842,-19.070093815386457,0.8838166183866779,0.46776950829251696,-0.007737711245238893,-0.07722454805896284,0.16218284693456797,0.9837342595118297,0.46141581490086214,-0.8688431453789434,0.17946318421168694,7.095417481316147,0.50359217556125
97,7460.645831603749,7460.645831603749,959.4999999999854,539.4999999999918,1.915216181116944,84.68168266381842,-19.070093815386457,0.8836811976374066,0.46802402089930883,-0.007813885292371592,-0.0771141860479155,0.1620246203903673,0.9837689894978013,0.46169355989908123,-0.8687355974337653,0.1792694020158287,8.858622192915668,0.3055717618903148
98,7498.370027346583,7498.370027346583,959.4999999999854,539.4999999999918,1.915216181116944,84.68168266381842,-19.070093815386457,0.8835184809873255,0.4683308824029195,-0.007828048387144793,-0.07711813099526371,0.16192911620089562,0.983784404835833,0.4620042073679048,-0.8685880185186182,0.17918416911171126,10.0125843622337,0.2011891506016897
